1 0.1421875 0.315625 0.165625 0.315625 0.165625 0.321875 0.171875 0.3234375 0.171875 0.3546875 0.178125 0.35625 0.1796875 0.3640625 0.184375 0.3640625 0.184375 0.378125 0.190625 0.3796875 0.190625 0.39375 0.1671875 0.39375 0.165625 0.403125 0.159375 0.4046875 0.159375 0.4109375 0.153125 0.4125 0.153125 0.41875 0.159375 0.4203125 0.159375 0.459375 0.165625 0.4609375 0.165625 0.475 0.171875 0.4765625 0.1734375 0.484375 0.178125 0.484375 0.178125 0.4984375 0.184375 0.5 0.184375 0.5078125 0.190625 0.509375 0.190625 0.515625 0.196875 0.5171875 0.1984375 0.525 0.203125 0.525 0.203125 0.53125 0.196875 0.5328125 0.196875 0.5390625 0.1796875 0.5390625 0.1796875 0.5328125 0.1734375 0.53125 0.1734375 0.525 0.1671875 0.5234375 0.1671875 0.5171875 0.1546875 0.515625 0.1546875 0.509375 0.1484375 0.5078125 0.1484375 0.5 0.1421875 0.4984375 0.140625 0.490625 0.1359375 0.490625 0.1359375 0.4765625 0.1296875 0.475 0.1296875 0.46875 0.125 0.4671875 0.125 0.4609375 0.11875 0.459375 0.1171875 0.4515625 0.1125 0.4515625 0.1125 0.346875 0.11875 0.3453125 0.11875 0.3390625 0.128125 0.3390625 0.1296875 0.3234375 0.140625 0.3234375 0.1421875 0.3171875
1 0.4703125 0.0890625 0.4875 0.0890625 0.4890625 0.096875 0.5296875 0.096875 0.53125 0.10625 0.5859375 0.10625 0.5859375 0.1125 0.5984375 0.1140625 0.6 0.121875 0.646875 0.121875 0.6484375 0.1140625 0.690625 0.1140625 0.6921875 0.121875 0.703125 0.121875 0.703125 0.128125 0.709375 0.1296875 0.7109375 0.1375 0.715625 0.1375 0.715625 0.14375 0.709375 0.1453125 0.709375 0.16875 0.721875 0.1703125 0.721875 0.1921875 0.715625 0.19375 0.715625 0.2015625 0.709375 0.203125 0.709375 0.209375 0.703125 0.2109375 0.703125 0.2171875 0.696875 0.21875 0.696875 0.225 0.690625 0.2265625 0.690625 0.240625 0.684375 0.2421875 0.684375 0.2484375 0.59375 0.2484375 0.5921875 0.240625 0.5625 0.240625 0.5609375 0.2328125 0.54375 0.2328125 0.5421875 0.225 0.525 0.225 0.5234375 0.2171875 0.5125 0.2171875 0.5109375 0.209375 0.5 0.209375 0.5 0.203125 0.4953125 0.2015625 0.4953125 0.19375 0.4890625 0.1921875 0.4890625 0.1859375 0.4828125 0.184375 0.4828125 0.178125 0.4765625 0.1765625 0.4765625 0.1703125 0.4703125 0.16875 0.46875 0.1609375 0.4640625 0.1609375 0.4640625 0.1453125 0.4578125 0.14375 0.4578125 0.1140625 0.4640625 0.1125 0.4640625 0.096875 0.46875 0.096875 0.4703125 0.090625
1 0.3828125 0.58125 0.4 0.58125 0.4 0.5875 0.40625 0.5890625 0.4078125 0.596875 0.4125 0.596875 0.4125 0.6046875 0.41875 0.60625 0.41875 0.6203125 0.425 0.621875 0.425 0.628125 0.43125 0.6296875 0.43125 0.6359375 0.4375 0.6375 0.4390625 0.6453125 0.44375 0.6453125 0.44375 0.653125 0.45 0.6546875 0.45 0.6609375 0.45625 0.6625 0.45625 0.66875 0.4625 0.6703125 0.4640625 0.678125 0.46875 0.678125 0.46875 0.6921875 0.475 0.69375 0.475 0.7015625 0.48125 0.703125 0.4828125 0.7109375 0.4875 0.7109375 0.4875 0.7328125 0.49375 0.734375 0.49375 0.7484375 0.4984375 0.75 0.4984375 0.78125 0.5046875 0.7828125 0.5046875 0.80625 0.5109375 0.8078125 0.5109375 0.821875 0.5171875 0.8234375 0.5171875 0.8375 0.5234375 0.8390625 0.5234375 0.8546875 0.5296875 0.85625 0.53125 0.8640625 0.5359375 0.8640625 0.5359375 0.878125 0.5421875 0.8796875 0.54375 0.8875 0.5484375 0.8875 0.5484375 0.89375 0.5421875 0.8953125 0.5421875 0.903125 0.5 0.903125 0.5 0.8953125 0.4890625 0.89375 0.4875 0.8859375 0.4765625 0.8859375 0.4765625 0.8796875 0.4703125 0.878125 0.46875 0.8703125 0.4578125 0.8703125 0.45625 0.8625 0.4453125 0.8625 0.4453125 0.85625 0.4390625 0.8546875 0.4390625 0.846875 0.4328125 0.8453125 0.4328125 0.8390625 0.4265625 0.8375 0.4265625 0.83125 0.4203125 0.8296875 0.4203125 0.8234375 0.4140625 0.821875 0.4140625 0.815625 0.4078125 0.8140625 0.40625 0.80625 0.4015625 0.80625 0.4015625 0.790625 0.3953125 0.7890625 0.39375 0.78125 0.3890625 0.78125 0.3890625 0.7671875 0.3828125 0.765625 0.3828125 0.75 0.3765625 0.7484375 0.3765625 0.734375 0.371875 0.7328125 0.371875 0.69375 0.365625 0.6921875 0.365625 0.678125 0.371875 0.6765625 0.371875 0.6140625 0.3765625 0.6125 0.3765625 0.596875 0.3828125 0.5953125 0.3828125 0.5828125
1 0.859375 0.3953125 0.875 0.3953125 0.875 0.403125 0.88125 0.4046875 0.88125 0.41875 0.8875 0.4203125 0.8875 0.4671875 0.8765625 0.4671875 0.875 0.475 0.8703125 0.4765625 0.8703125 0.4828125 0.8640625 0.484375 0.8640625 0.5234375 0.8578125 0.525 0.8578125 0.5953125 0.828125 0.5953125 0.828125 0.5890625 0.821875 0.5875 0.821875 0.58125 0.815625 0.5796875 0.8140625 0.571875 0.809375 0.571875 0.809375 0.5328125 0.815625 0.53125 0.815625 0.509375 0.821875 0.5078125 0.821875 0.46875 0.828125 0.4671875 0.828125 0.453125 0.834375 0.4515625 0.834375 0.4359375 0.840625 0.434375 0.840625 0.4203125 0.846875 0.41875 0.846875 0.4125 0.853125 0.4109375 0.853125 0.4046875 0.859375 0.403125 0.859375 0.396875
1 0 0.2421875 0.0046875 0.2421875 0.00625 0.25 0.0171875 0.25 0.0171875 0.2578125 0.0234375 0.259375 0.025 0.2671875 0.0296875 0.2671875 0.0296875 0.2734375 0.0421875 0.275 0.0421875 0.28125 0.0484375 0.2828125 0.0484375 0.2890625 0.0546875 0.290625 0.05625 0.2984375 0.0671875 0.2984375 0.0671875 0.30625 0.0734375 0.3078125 0.0734375 0.321875 0.0796875 0.3234375 0.08125 0.33125 0.0859375 0.33125 0.0859375 0.3546875 0.0921875 0.35625 0.0921875 0.3625 0.0984375 0.3640625 0.1 0.371875 0.1046875 0.371875 0.1046875 0.39375 0.1109375 0.3953125 0.1109375 0.403125 0.1046875 0.4046875 0.1046875 0.41875 0.0984375 0.4203125 0.0984375 0.4265625 0.075 0.4265625 0.075 0.4203125 0.06875 0.41875 0.06875 0.4046875 0.0625 0.403125 0.0625 0.3953125 0.05 0.39375 0.05 0.3875 0.04375 0.3859375 0.04375 0.3796875 0.0375 0.378125 0.0375 0.371875 0.025 0.3703125 0.025 0.3640625 0.01875 0.3625 0.0171875 0.3546875 0.00625 0.3546875 0.00625 0.346875 0 0.3453125 0 0.24375
1 0.334375 0.1859375 0.3515625 0.1859375 0.3515625 0.2015625 0.3578125 0.203125 0.359375 0.2109375 0.3703125 0.2109375 0.3703125 0.2171875 0.375 0.21875 0.3765625 0.2265625 0.38125 0.2265625 0.3828125 0.234375 0.39375 0.234375 0.39375 0.240625 0.4 0.2421875 0.4015625 0.25 0.4125 0.25 0.4140625 0.259375 0.43125 0.259375 0.43125 0.265625 0.4375 0.2671875 0.4375 0.28125 0.43125 0.2828125 0.43125 0.296875 0.425 0.2984375 0.425 0.3140625 0.43125 0.315625 0.43125 0.3375 0.4375 0.3390625 0.4375 0.3453125 0.4140625 0.3453125 0.4140625 0.3390625 0.4078125 0.3375 0.40625 0.3296875 0.3953125 0.3296875 0.39375 0.321875 0.3765625 0.321875 0.3765625 0.3078125 0.365625 0.30625 0.365625 0.2984375 0.359375 0.296875 0.359375 0.290625 0.353125 0.2890625 0.353125 0.2828125 0.346875 0.28125 0.3453125 0.2734375 0.340625 0.2734375 0.340625 0.25 0.334375 0.2484375 0.334375 0.21875 0.328125 0.2171875 0.328125 0.19375 0.3328125 0.19375 0.334375 0.1875
1 0.60625 0.3234375 0.628125 0.3234375 0.6296875 0.33125 0.6359375 0.3296875 0.6359375 0.3234375 0.640625 0.3234375 0.6421875 0.33125 0.6484375 0.3296875 0.6484375 0.3234375 0.659375 0.3234375 0.6609375 0.33125 0.671875 0.33125 0.671875 0.3453125 0.665625 0.346875 0.665625 0.3625 0.659375 0.3640625 0.659375 0.378125 0.6546875 0.378125 0.653125 0.3859375 0.646875 0.3875 0.646875 0.403125 0.6421875 0.403125 0.640625 0.4109375 0.634375 0.4125 0.634375 0.4265625 0.628125 0.428125 0.628125 0.4421875 0.61875 0.4421875 0.6171875 0.434375 0.60625 0.434375 0.60625 0.4203125 0.6 0.41875 0.6 0.3796875 0.59375 0.378125 0.59375 0.33125 0.6046875 0.33125 0.60625 0.325
1 0.9578125 0 0.9984375 0 0.9984375 0.0640625 0.99375 0.065625 0.99375 0.071875 0.9875 0.0734375 0.9875 0.0796875 0.98125 0.08125 0.98125 0.0875 0.9875 0.0890625 0.9875 0.1046875 0.99375 0.10625 0.99375 0.1125 0.9984375 0.1140625 0.9984375 0.2171875 0.9953125 0.2171875 0.99375 0.209375 0.9890625 0.209375 0.9890625 0.203125 0.9828125 0.2015625 0.9828125 0.1859375 0.9765625 0.184375 0.9765625 0.1625 0.9703125 0.1609375 0.9703125 0.1453125 0.9640625 0.14375 0.9640625 0.1296875 0.9578125 0.128125 0.9578125 0.10625 0.9515625 0.1046875 0.9515625 0.08125 0.9453125 0.0796875 0.9453125 0.0578125 0.9515625 0.05625 0.9515625 0.0484375 0.9453125 0.046875 0.9453125 0.040625 0.9515625 0.0390625 0.9515625 0.009375 0.9578125 0.0078125 0.9578125 0.0015625
1 0.5375 0.2828125 0.5671875 0.2828125 0.5671875 0.2890625 0.5734375 0.290625 0.575 0.2984375 0.5796875 0.2984375 0.5796875 0.321875 0.5859375 0.3234375 0.5859375 0.3453125 0.5921875 0.346875 0.5921875 0.3859375 0.5984375 0.3875 0.5984375 0.53125 0.5921875 0.5328125 0.5921875 0.55625 0.5859375 0.5578125 0.5859375 0.571875 0.5796875 0.5734375 0.5796875 0.5875 0.5734375 0.5890625 0.5734375 0.5953125 0.5625 0.5953125 0.5609375 0.5875 0.55 0.5875 0.55 0.58125 0.5375 0.5796875 0.5359375 0.571875 0.51875 0.571875 0.51875 0.5578125 0.5125 0.55625 0.5125 0.5328125 0.50625 0.53125 0.50625 0.5 0.5 0.4984375 0.5 0.4609375 0.50625 0.459375 0.50625 0.44375 0.5 0.4421875 0.5 0.371875 0.50625 0.3703125 0.50625 0.346875 0.5125 0.3453125 0.5125 0.33125 0.5171875 0.33125 0.51875 0.3234375 0.525 0.321875 0.525 0.315625 0.53125 0.3140625 0.53125 0.290625 0.5359375 0.290625 0.5375 0.284375
1 0.871875 0.8078125 0.89375 0.8078125 0.8953125 0.815625 0.93125 0.815625 0.9328125 0.8234375 0.95 0.8234375 0.9515625 0.83125 0.9625 0.83125 0.9625 0.8375 0.975 0.8390625 0.9765625 0.846875 0.9875 0.846875 0.9875 0.8546875 0.99375 0.85625 0.99375 0.8625 0.9984375 0.8640625 0.9984375 0.903125 0.99375 0.9046875 0.99375 0.9109375 0.8765625 0.9109375 0.875 0.903125 0.859375 0.903125 0.859375 0.8953125 0.853125 0.89375 0.853125 0.8796875 0.846875 0.878125 0.846875 0.8640625 0.840625 0.8625 0.840625 0.8390625 0.846875 0.8375 0.846875 0.83125 0.853125 0.8296875 0.853125 0.8234375 0.859375 0.821875 0.859375 0.815625 0.8703125 0.815625 0.871875 0.809375
1 0.303125 0.290625 0.3203125 0.290625 0.3203125 0.296875 0.3265625 0.2984375 0.3265625 0.3140625 0.3328125 0.315625 0.3328125 0.3375 0.3390625 0.3390625 0.340625 0.346875 0.3453125 0.346875 0.3453125 0.3625 0.3515625 0.3640625 0.3515625 0.378125 0.3578125 0.3796875 0.3578125 0.3859375 0.3640625 0.3875 0.365625 0.3953125 0.3703125 0.3953125 0.3703125 0.403125 0.375 0.4046875 0.375 0.4109375 0.38125 0.4125 0.38125 0.4515625 0.375 0.453125 0.375 0.4671875 0.353125 0.4671875 0.3515625 0.475 0.3453125 0.4765625 0.3453125 0.4828125 0.3390625 0.484375 0.3390625 0.490625 0.334375 0.490625 0.334375 0.484375 0.328125 0.4828125 0.3265625 0.475 0.321875 0.475 0.321875 0.4609375 0.315625 0.459375 0.315625 0.44375 0.309375 0.4421875 0.309375 0.428125 0.303125 0.4265625 0.303125 0.4125 0.296875 0.4109375 0.296875 0.3875 0.290625 0.3859375 0.290625 0.315625 0.296875 0.3140625 0.296875 0.2984375 0.3015625 0.2984375 0.303125 0.2921875
1 0.1859375 0.1703125 0.221875 0.1703125 0.221875 0.1765625 0.228125 0.178125 0.228125 0.209375 0.2234375 0.209375 0.221875 0.2171875 0.215625 0.21875 0.215625 0.2328125 0.209375 0.234375 0.209375 0.2484375 0.203125 0.25 0.203125 0.2734375 0.196875 0.275 0.196875 0.296875 0.1609375 0.296875 0.1609375 0.290625 0.1546875 0.2890625 0.1546875 0.2265625 0.1609375 0.225 0.1609375 0.2109375 0.1671875 0.209375 0.1671875 0.19375 0.1734375 0.1921875 0.1734375 0.1859375 0.1796875 0.184375 0.1796875 0.178125 0.184375 0.178125 0.1859375 0.171875
1 0.2484375 0.846875 0.2515625 0.846875 0.253125 0.85625 0.2703125 0.85625 0.271875 0.8640625 0.2828125 0.8640625 0.2828125 0.878125 0.2890625 0.8796875 0.2890625 0.9109375 0.2171875 0.9109375 0.2171875 0.9046875 0.2109375 0.903125 0.2109375 0.8640625 0.2171875 0.8625 0.2171875 0.85625 0.246875 0.85625 0.2484375 0.8484375
1 0.353125 0.7671875 0.3640625 0.7671875 0.3640625 0.7734375 0.375 0.775 0.3765625 0.7828125 0.3875 0.7828125 0.3875 0.7890625 0.39375 0.790625 0.3953125 0.7984375 0.4 0.7984375 0.4 0.80625 0.40625 0.8078125 0.4078125 0.815625 0.4125 0.815625 0.4125 0.8296875 0.41875 0.83125 0.41875 0.8375 0.425 0.8390625 0.425 0.8453125 0.4375 0.846875 0.4375 0.8546875 0.44375 0.85625 0.44375 0.8625 0.45625 0.8640625 0.4578125 0.871875 0.475 0.871875 0.475 0.878125 0.48125 0.8796875 0.4828125 0.8875 0.4875 0.8875 0.4875 0.903125 0.4765625 0.903125 0.475 0.9109375 0.3765625 0.9109375 0.375 0.903125 0.359375 0.903125 0.359375 0.8953125 0.353125 0.89375 0.353125 0.8796875 0.346875 0.878125 0.346875 0.8390625 0.340625 0.8375 0.340625 0.775 0.3515625 0.775 0.353125 0.76875
1 0 0.428125 0.0421875 0.428125 0.04375 0.4359375 0.0609375 0.4359375 0.0609375 0.515625 0.0546875 0.5171875 0.0546875 0.5234375 0.0125 0.5234375 0.0109375 0.515625 0 0.515625 0 0.4296875
1 0.1671875 0.35625 0.178125 0.35625 0.178125 0.3625 0.184375 0.3640625 0.184375 0.3703125 0.190625 0.371875 0.1921875 0.3796875 0.196875 0.3796875 0.196875 0.39375 0.203125 0.3953125 0.203125 0.4109375 0.209375 0.4125 0.209375 0.4265625 0.215625 0.428125 0.215625 0.434375 0.221875 0.4359375 0.2234375 0.44375 0.228125 0.44375 0.228125 0.4515625 0.234375 0.453125 0.234375 0.459375 0.240625 0.4609375 0.2421875 0.46875 0.2515625 0.46875 0.2515625 0.475 0.2578125 0.4765625 0.2578125 0.4828125 0.2640625 0.484375 0.265625 0.4921875 0.2765625 0.4921875 0.2765625 0.4984375 0.2828125 0.5 0.284375 0.509375 0.2953125 0.509375 0.2953125 0.515625 0.3015625 0.5171875 0.3015625 0.53125 0.3078125 0.5328125 0.3078125 0.5875 0.303125 0.5875 0.3015625 0.5953125 0.2953125 0.596875 0.2953125 0.6046875 0.271875 0.6046875 0.271875 0.596875 0.259375 0.5953125 0.259375 0.5890625 0.253125 0.5875 0.253125 0.58125 0.2484375 0.5796875 0.246875 0.571875 0.2359375 0.571875 0.234375 0.5640625 0.2171875 0.5640625 0.215625 0.55625 0.2046875 0.55625 0.203125 0.546875 0.1921875 0.546875 0.1921875 0.525 0.1859375 0.5234375 0.1859375 0.509375 0.1796875 0.5078125 0.178125 0.4984375 0.1734375 0.4984375 0.1734375 0.484375 0.1671875 0.4828125 0.165625 0.475 0.1609375 0.475 0.1609375 0.4609375 0.1546875 0.459375 0.1546875 0.4203125 0.1484375 0.41875 0.1484375 0.4125 0.1546875 0.4109375 0.1546875 0.3953125 0.159375 0.3953125 0.1609375 0.3875 0.1671875 0.3859375 0.1671875 0.371875 0.1734375 0.3703125 0.1734375 0.3640625 0.1671875 0.3625 0.1671875 0.3578125
1 0.0625 0.5328125 0.0734375 0.5328125 0.0734375 0.5390625 0.0796875 0.540625 0.08125 0.5484375 0.0921875 0.5484375 0.0921875 0.55625 0.0984375 0.5578125 0.0984375 0.5640625 0.1046875 0.565625 0.1046875 0.571875 0.1109375 0.5734375 0.1109375 0.5796875 0.1171875 0.58125 0.1171875 0.5875 0.128125 0.5890625 0.128125 0.5953125 0.134375 0.596875 0.134375 0.6046875 0.146875 0.60625 0.146875 0.6125 0.153125 0.6140625 0.153125 0.6203125 0.159375 0.621875 0.1609375 0.6296875 0.165625 0.6296875 0.165625 0.653125 0.159375 0.6546875 0.159375 0.6609375 0.1484375 0.6609375 0.146875 0.66875 0.1 0.66875 0.0984375 0.6609375 0.0921875 0.6625 0.0921875 0.66875 0.075 0.66875 0.0734375 0.6765625 0.06875 0.6765625 0.0671875 0.66875 0.05625 0.66875 0.05625 0.6625 0.0625 0.6609375 0.0625 0.6546875 0.05625 0.653125 0.05625 0.6375 0.05 0.6359375 0.05 0.621875 0.04375 0.6203125 0.04375 0.60625 0.05 0.6046875 0.05 0.5890625 0.04375 0.5875 0.04375 0.5484375 0.05 0.546875 0.05 0.540625 0.0609375 0.540625 0.0625 0.534375
1 0.1484375 0.3390625 0.165625 0.3390625 0.165625 0.3453125 0.171875 0.346875 0.171875 0.3546875 0.178125 0.35625 0.178125 0.3625 0.184375 0.3640625 0.184375 0.3703125 0.190625 0.371875 0.1921875 0.3796875 0.196875 0.3796875 0.196875 0.39375 0.203125 0.3953125 0.203125 0.4109375 0.209375 0.4125 0.209375 0.4265625 0.215625 0.428125 0.215625 0.434375 0.221875 0.4359375 0.2234375 0.44375 0.228125 0.44375 0.228125 0.4515625 0.234375 0.453125 0.234375 0.459375 0.240625 0.4609375 0.240625 0.4671875 0.2515625 0.46875 0.2515625 0.475 0.2578125 0.4765625 0.2578125 0.4828125 0.2640625 0.484375 0.265625 0.4921875 0.2765625 0.4921875 0.2765625 0.4984375 0.2828125 0.5 0.2828125 0.5078125 0.2890625 0.509375 0.290625 0.5171875 0.3015625 0.5171875 0.3015625 0.53125 0.3078125 0.5328125 0.3078125 0.5875 0.3015625 0.5890625 0.3015625 0.5953125 0.2953125 0.596875 0.2953125 0.6046875 0.290625 0.6046875 0.2890625 0.6125 0.284375 0.6125 0.2828125 0.6046875 0.271875 0.6046875 0.2703125 0.5953125 0.259375 0.5953125 0.259375 0.5890625 0.253125 0.5875 0.253125 0.58125 0.2484375 0.5796875 0.246875 0.571875 0.2296875 0.571875 0.2296875 0.565625 0.2171875 0.5640625 0.215625 0.55625 0.1984375 0.55625 0.1984375 0.5484375 0.1921875 0.546875 0.1921875 0.540625 0.1796875 0.5390625 0.1796875 0.5328125 0.1734375 0.53125 0.1734375 0.525 0.1671875 0.5234375 0.1671875 0.5171875 0.1609375 0.515625 0.159375 0.5078125 0.1484375 0.5078125 0.1484375 0.4921875 0.1421875 0.490625 0.140625 0.4828125 0.1359375 0.4828125 0.1359375 0.46875 0.1296875 0.4671875 0.1296875 0.4609375 0.125 0.459375 0.125 0.4359375 0.11875 0.434375 0.11875 0.35625 0.125 0.3546875 0.125 0.346875 0.146875 0.346875 0.1484375 0.340625
1 0.328125 0.5171875 0.3578125 0.5171875 0.359375 0.525 0.3703125 0.525 0.3703125 0.53125 0.375 0.5328125 0.375 0.5640625 0.38125 0.565625 0.38125 0.571875 0.375 0.5734375 0.375 0.6125 0.3703125 0.6140625 0.3703125 0.653125 0.3640625 0.6546875 0.3640625 0.6921875 0.353125 0.6921875 0.353125 0.6859375 0.346875 0.684375 0.346875 0.678125 0.340625 0.6765625 0.3390625 0.66875 0.334375 0.66875 0.334375 0.6453125 0.328125 0.64375 0.328125 0.6296875 0.321875 0.628125 0.321875 0.6140625 0.315625 0.6125 0.315625 0.5328125 0.321875 0.53125 0.321875 0.525 0.3265625 0.525 0.328125 0.51875
1 0.815625 0.6453125 0.8578125 0.6453125 0.8578125 0.653125 0.8703125 0.6546875 0.8703125 0.6609375 0.875 0.6625 0.8765625 0.6703125 0.8875 0.6703125 0.8875 0.6765625 0.89375 0.678125 0.89375 0.6921875 0.9 0.69375 0.9 0.7015625 0.90625 0.703125 0.9078125 0.7109375 0.9125 0.7109375 0.9125 0.7328125 0.91875 0.734375 0.91875 0.7484375 0.925 0.75 0.9265625 0.759375 0.93125 0.759375 0.93125 0.7734375 0.9375 0.775 0.9375 0.7890625 0.94375 0.790625 0.94375 0.8140625 0.9015625 0.8140625 0.9 0.80625 0.871875 0.80625 0.8703125 0.8140625 0.8578125 0.815625 0.8578125 0.821875 0.840625 0.821875 0.840625 0.815625 0.834375 0.8140625 0.834375 0.7984375 0.828125 0.796875 0.828125 0.7828125 0.821875 0.78125 0.821875 0.7671875 0.815625 0.765625 0.815625 0.7421875 0.809375 0.740625 0.809375 0.6546875 0.815625 0.653125 0.815625 0.646875
1 0.334375 0.065625 0.3515625 0.065625 0.3515625 0.071875 0.3578125 0.0734375 0.3578125 0.0796875 0.3640625 0.08125 0.365625 0.0890625 0.3703125 0.0890625 0.3703125 0.0953125 0.375 0.096875 0.375 0.1046875 0.38125 0.10625 0.38125 0.1125 0.3875 0.1140625 0.3875 0.1203125 0.39375 0.121875 0.39375 0.128125 0.40625 0.1296875 0.4078125 0.1375 0.41875 0.1375 0.41875 0.14375 0.425 0.1453125 0.425 0.209375 0.43125 0.2109375 0.43125 0.225 0.4375 0.2265625 0.4375 0.2328125 0.44375 0.234375 0.44375 0.240625 0.45 0.2421875 0.4515625 0.25 0.45625 0.25 0.45625 0.2578125 0.4625 0.259375 0.4640625 0.2671875 0.46875 0.2671875 0.46875 0.2734375 0.4453125 0.2734375 0.4453125 0.2671875 0.4328125 0.265625 0.43125 0.2578125 0.4140625 0.2578125 0.4140625 0.25 0.4015625 0.2484375 0.4015625 0.2421875 0.3953125 0.240625 0.39375 0.2328125 0.3828125 0.2328125 0.3828125 0.2265625 0.3765625 0.225 0.3765625 0.21875 0.371875 0.2171875 0.371875 0.2109375 0.359375 0.209375 0.359375 0.203125 0.353125 0.2015625 0.353125 0.19375 0.346875 0.1921875 0.3453125 0.184375 0.340625 0.184375 0.340625 0.1546875 0.334375 0.153125 0.334375 0.121875 0.328125 0.1203125 0.328125 0.1140625 0.334375 0.1125 0.334375 0.10625 0.328125 0.1046875 0.328125 0.096875 0.334375 0.0953125 0.334375 0.0890625 0.328125 0.0875 0.328125 0.08125 0.334375 0.0796875 0.334375 0.0671875
1 0 0.525 0.0171875 0.525 0.01875 0.5328125 0.0359375 0.5328125 0.0359375 0.5390625 0.0421875 0.540625 0.0421875 0.5640625 0.0484375 0.565625 0.0484375 0.5796875 0.0421875 0.58125 0.0421875 0.6125 0 0.6125 0 0.5265625
1 0.334375 0.290625 0.3578125 0.290625 0.359375 0.2984375 0.3703125 0.2984375 0.3703125 0.30625 0.38125 0.3078125 0.38125 0.3140625 0.3875 0.315625 0.3875 0.321875 0.39375 0.3234375 0.39375 0.3296875 0.4 0.33125 0.4 0.3375 0.40625 0.3390625 0.40625 0.3453125 0.4125 0.346875 0.4125 0.3546875 0.4078125 0.3546875 0.40625 0.3625 0.4 0.3640625 0.4 0.3703125 0.39375 0.371875 0.39375 0.3859375 0.3875 0.3875 0.3875 0.403125 0.371875 0.403125 0.371875 0.3953125 0.365625 0.39375 0.365625 0.3875 0.359375 0.3859375 0.359375 0.3796875 0.353125 0.378125 0.3515625 0.3703125 0.346875 0.3703125 0.346875 0.35625 0.340625 0.3546875 0.340625 0.346875 0.334375 0.3453125 0.334375 0.33125 0.328125 0.3296875 0.328125 0.2984375 0.3328125 0.2984375 0.334375 0.2921875
1 0.05625 0.1296875 0.0921875 0.1296875 0.0921875 0.1359375 0.1046875 0.1375 0.1046875 0.14375 0.1109375 0.1453125 0.1109375 0.153125 0.1171875 0.1546875 0.1171875 0.184375 0.1109375 0.1859375 0.1109375 0.209375 0.10625 0.209375 0.1046875 0.2171875 0.0984375 0.21875 0.0984375 0.2328125 0.0921875 0.234375 0.0921875 0.2578125 0.0859375 0.259375 0.0859375 0.2734375 0.0796875 0.275 0.0796875 0.2890625 0.075 0.2890625 0.0734375 0.296875 0.06875 0.296875 0.0671875 0.2890625 0.05625 0.2890625 0.05625 0.2828125 0.05 0.28125 0.0484375 0.2734375 0.0375 0.2734375 0.0375 0.259375 0.04375 0.2578125 0.04375 0.234375 0.0375 0.2328125 0.0375 0.21875 0.03125 0.2171875 0.0296875 0.209375 0.025 0.209375 0.025 0.19375 0.03125 0.1921875 0.03125 0.1703125 0.0359375 0.1703125 0.0375 0.1625 0.04375 0.1609375 0.04375 0.1546875 0.05 0.153125 0.05 0.1375 0.0546875 0.1375 0.05625 0.13125
1 0.9203125 0.6453125 0.975 0.6453125 0.9765625 0.6546875 0.99375 0.6546875 0.99375 0.6609375 0.9984375 0.6625 0.9984375 0.7328125 0.99375 0.734375 0.99375 0.740625 0.9875 0.7421875 0.9875 0.7578125 0.99375 0.759375 0.99375 0.765625 0.9984375 0.7671875 0.9984375 0.8453125 0.9890625 0.8453125 0.9875 0.8375 0.9765625 0.8375 0.9765625 0.83125 0.9703125 0.8296875 0.9703125 0.815625 0.9640625 0.8140625 0.9625 0.80625 0.9578125 0.80625 0.9578125 0.7984375 0.9515625 0.796875 0.9515625 0.790625 0.9453125 0.7890625 0.9453125 0.775 0.9390625 0.7734375 0.9390625 0.7671875 0.9328125 0.765625 0.93125 0.7578125 0.9265625 0.7578125 0.9265625 0.7421875 0.9203125 0.740625 0.9203125 0.71875 0.9140625 0.7171875 0.9140625 0.6703125 0.9203125 0.66875 0.9203125 0.646875
1 0.1859375 0.6453125 0.209375 0.6453125 0.2109375 0.6546875 0.2640625 0.6546875 0.2640625 0.6609375 0.2703125 0.6625 0.2703125 0.6921875 0.2765625 0.69375 0.2765625 0.709375 0.2703125 0.7109375 0.2703125 0.7171875 0.2765625 0.71875 0.2765625 0.725 0.2640625 0.7265625 0.2640625 0.740625 0.253125 0.740625 0.2515625 0.7484375 0.1921875 0.7484375 0.1921875 0.7421875 0.1859375 0.740625 0.1859375 0.734375 0.1796875 0.7328125 0.1796875 0.7265625 0.1734375 0.725 0.1734375 0.71875 0.1671875 0.7171875 0.1671875 0.7109375 0.1609375 0.709375 0.159375 0.7015625 0.1546875 0.7015625 0.1546875 0.678125 0.1609375 0.6765625 0.1609375 0.6625 0.1671875 0.6609375 0.1671875 0.6546875 0.184375 0.6546875 0.1859375 0.646875
1 0.525 0.5890625 0.5484375 0.5890625 0.5484375 0.5953125 0.5546875 0.596875 0.5546875 0.6046875 0.5609375 0.60625 0.5609375 0.6125 0.5671875 0.6140625 0.56875 0.621875 0.5734375 0.621875 0.5734375 0.653125 0.5796875 0.6546875 0.5796875 0.6921875 0.5734375 0.69375 0.5734375 0.7171875 0.5796875 0.71875 0.5796875 0.7890625 0.5859375 0.790625 0.5859375 0.8140625 0.5921875 0.815625 0.5921875 0.8375 0.5984375 0.8390625 0.5984375 0.8546875 0.6046875 0.85625 0.6046875 0.8703125 0.6109375 0.871875 0.6109375 0.903125 0.56875 0.903125 0.56875 0.8953125 0.55625 0.89375 0.55625 0.8875 0.55 0.8859375 0.5484375 0.878125 0.54375 0.878125 0.54375 0.8640625 0.5375 0.8625 0.5359375 0.8546875 0.53125 0.8546875 0.53125 0.8390625 0.525 0.8375 0.5234375 0.8296875 0.51875 0.8296875 0.51875 0.815625 0.5125 0.8140625 0.5125 0.790625 0.50625 0.7890625 0.50625 0.75 0.5 0.7484375 0.5 0.6703125 0.50625 0.66875 0.50625 0.6453125 0.5125 0.64375 0.5125 0.6140625 0.51875 0.6125 0.51875 0.596875 0.5234375 0.596875 0.525 0.590625
1 0.8765625 0.46875 0.9 0.46875 0.9 0.4828125 0.90625 0.484375 0.90625 0.4984375 0.9125 0.5 0.9125 0.5078125 0.91875 0.509375 0.91875 0.5234375 0.925 0.525 0.925 0.5390625 0.93125 0.540625 0.9328125 0.5484375 0.9375 0.5484375 0.9375 0.5640625 0.94375 0.565625 0.9453125 0.5734375 0.95 0.5734375 0.95 0.5875 0.95625 0.5890625 0.9578125 0.596875 0.9625 0.596875 0.9625 0.6125 0.975 0.6140625 0.975 0.6359375 0.9640625 0.6359375 0.9625 0.64375 0.9578125 0.64375 0.95625 0.6359375 0.9265625 0.6359375 0.925 0.64375 0.9078125 0.64375 0.90625 0.6359375 0.8953125 0.6359375 0.8953125 0.6296875 0.8890625 0.628125 0.8875 0.6203125 0.8765625 0.6203125 0.875 0.6125 0.865625 0.6125 0.865625 0.60625 0.859375 0.6046875 0.859375 0.5 0.865625 0.4984375 0.865625 0.484375 0.871875 0.4828125 0.871875 0.4765625 0.8765625 0.475 0.8765625 0.4703125
1 0.00625 0.7421875 0.0671875 0.7421875 0.06875 0.75 0.0796875 0.75 0.08125 0.759375 0.0921875 0.759375 0.0921875 0.8625 0.0984375 0.8640625 0.0984375 0.903125 0.075 0.903125 0.075 0.8953125 0.06875 0.89375 0.0671875 0.8859375 0.05625 0.8859375 0.05625 0.8796875 0.05 0.878125 0.05 0.871875 0.0375 0.8703125 0.0375 0.8640625 0.03125 0.8625 0.0296875 0.8546875 0.025 0.8546875 0.025 0.8390625 0.01875 0.8375 0.01875 0.8234375 0.0125 0.821875 0.0125 0.790625 0.00625 0.7890625 0.0046875 0.78125 0 0.78125 0 0.7671875 0.00625 0.765625 0.00625 0.74375
1 0.284375 0.1625 0.2953125 0.1625 0.296875 0.1703125 0.3078125 0.1703125 0.3078125 0.1765625 0.3140625 0.178125 0.315625 0.1859375 0.3203125 0.1859375 0.3203125 0.2015625 0.3265625 0.203125 0.3265625 0.2328125 0.3328125 0.234375 0.3328125 0.2890625 0.321875 0.2890625 0.3203125 0.28125 0.309375 0.28125 0.3078125 0.2734375 0.296875 0.2734375 0.296875 0.2671875 0.290625 0.265625 0.2890625 0.2578125 0.284375 0.2578125 0.284375 0.25 0.278125 0.2484375 0.278125 0.234375 0.271875 0.2328125 0.271875 0.21875 0.265625 0.2171875 0.2640625 0.209375 0.259375 0.209375 0.259375 0.1859375 0.265625 0.184375 0.265625 0.178125 0.271875 0.1765625 0.271875 0.1703125 0.2828125 0.1703125 0.284375 0.1640625
1 0.1546875 0 0.228125 0 0.2296875 0.009375 0.240625 0.009375 0.240625 0.03125 0.234375 0.0328125 0.234375 0.046875 0.228125 0.0484375 0.228125 0.05625 0.221875 0.0578125 0.221875 0.0640625 0.2171875 0.0640625 0.215625 0.071875 0.209375 0.0734375 0.209375 0.0796875 0.203125 0.08125 0.203125 0.0875 0.196875 0.0890625 0.196875 0.0953125 0.190625 0.096875 0.190625 0.1046875 0.1796875 0.1046875 0.178125 0.1125 0.1671875 0.1125 0.165625 0.1203125 0.153125 0.121875 0.153125 0.128125 0.1359375 0.128125 0.134375 0.1359375 0.1 0.1359375 0.0984375 0.128125 0.08125 0.128125 0.0796875 0.1203125 0.06875 0.1203125 0.06875 0.1140625 0.0625 0.1125 0.0609375 0.1046875 0.05625 0.1046875 0.05625 0.0890625 0.05 0.0875 0.05 0.08125 0.05625 0.0796875 0.05625 0.065625 0.0625 0.0640625 0.0625 0.0578125 0.0734375 0.0578125 0.075 0.0484375 0.0984375 0.0484375 0.1 0.040625 0.1109375 0.040625 0.1125 0.0328125 0.1234375 0.0328125 0.125 0.025 0.134375 0.025 0.1359375 0.0171875 0.1421875 0.015625 0.1421875 0.009375 0.153125 0.009375 0.1546875 0.0015625
1 0.08125 0.44375 0.0921875 0.44375 0.0921875 0.4515625 0.1046875 0.453125 0.10625 0.4609375 0.1171875 0.4609375 0.1171875 0.4671875 0.1234375 0.46875 0.1234375 0.475 0.128125 0.4765625 0.128125 0.4828125 0.134375 0.484375 0.134375 0.490625 0.140625 0.4921875 0.1421875 0.5 0.146875 0.5 0.146875 0.5078125 0.153125 0.509375 0.153125 0.515625 0.159375 0.5171875 0.159375 0.5234375 0.171875 0.525 0.1734375 0.5328125 0.184375 0.5328125 0.184375 0.5390625 0.190625 0.540625 0.1921875 0.5484375 0.196875 0.5484375 0.1984375 0.5578125 0.209375 0.5578125 0.209375 0.5640625 0.221875 0.565625 0.2234375 0.5734375 0.240625 0.5734375 0.240625 0.5796875 0.246875 0.58125 0.2484375 0.5890625 0.2578125 0.5890625 0.259375 0.596875 0.2703125 0.596875 0.271875 0.60625 0.2828125 0.60625 0.2828125 0.6203125 0.2765625 0.621875 0.2765625 0.628125 0.2703125 0.6296875 0.2703125 0.6359375 0.259375 0.6359375 0.2578125 0.64375 0.1984375 0.64375 0.196875 0.6359375 0.1734375 0.6359375 0.1734375 0.6296875 0.1671875 0.628125 0.1671875 0.621875 0.1546875 0.6203125 0.1546875 0.6140625 0.1484375 0.6125 0.146875 0.6046875 0.1421875 0.6046875 0.1421875 0.596875 0.1296875 0.5953125 0.1296875 0.5890625 0.125 0.5875 0.1234375 0.5796875 0.11875 0.5796875 0.11875 0.5734375 0.1125 0.571875 0.1125 0.565625 0.1 0.5640625 0.1 0.5578125 0.09375 0.55625 0.09375 0.5484375 0.0875 0.546875 0.0859375 0.5390625 0.08125 0.5390625 0.08125 0.525 0.075 0.5234375 0.075 0.509375 0.06875 0.5078125 0.06875 0.453125 0.0796875 0.453125 0.08125 0.4453125
1 0 0.60625 0.0046875 0.60625 0.00625 0.6140625 0.0359375 0.6140625 0.0375 0.621875 0.0484375 0.621875 0.0484375 0.6359375 0.0546875 0.6375 0.0546875 0.6609375 0.0484375 0.6625 0.0484375 0.6765625 0 0.6765625 0 0.6078125
1 0.10625 0.2265625 0.1234375 0.2265625 0.1234375 0.2328125 0.134375 0.234375 0.134375 0.240625 0.140625 0.2421875 0.1421875 0.25 0.146875 0.25 0.146875 0.30625 0.1421875 0.30625 0.140625 0.3140625 0.134375 0.315625 0.134375 0.321875 0.128125 0.3234375 0.128125 0.3375 0.11875 0.3375 0.1171875 0.3453125 0.1109375 0.346875 0.1109375 0.3546875 0.09375 0.3546875 0.09375 0.346875 0.0875 0.3453125 0.0875 0.33125 0.08125 0.3296875 0.08125 0.3234375 0.0875 0.321875 0.0875 0.315625 0.08125 0.3140625 0.08125 0.275 0.0875 0.2734375 0.0875 0.259375 0.09375 0.2578125 0.09375 0.2421875 0.1 0.240625 0.1 0.234375 0.1046875 0.234375 0.10625 0.228125
1 0.6796875 0.3390625 0.703125 0.3390625 0.703125 0.3546875 0.709375 0.35625 0.709375 0.3859375 0.715625 0.3875 0.715625 0.4109375 0.721875 0.4125 0.721875 0.4515625 0.715625 0.453125 0.715625 0.4828125 0.709375 0.484375 0.709375 0.5078125 0.703125 0.509375 0.703125 0.5390625 0.696875 0.540625 0.696875 0.5953125 0.690625 0.596875 0.690625 0.6765625 0.684375 0.678125 0.684375 0.709375 0.678125 0.7109375 0.678125 0.725 0.6671875 0.725 0.6671875 0.7109375 0.6609375 0.709375 0.6609375 0.69375 0.6546875 0.6921875 0.6546875 0.678125 0.6484375 0.6765625 0.646875 0.66875 0.6421875 0.66875 0.6421875 0.6546875 0.6359375 0.653125 0.6359375 0.6375 0.6296875 0.6359375 0.6296875 0.621875 0.625 0.6203125 0.625 0.5484375 0.61875 0.546875 0.61875 0.4921875 0.625 0.490625 0.625 0.4609375 0.6296875 0.459375 0.6296875 0.4359375 0.6359375 0.434375 0.6359375 0.4203125 0.6421875 0.41875 0.6421875 0.4046875 0.6484375 0.403125 0.6484375 0.3875 0.653125 0.3875 0.6546875 0.3796875 0.6609375 0.378125 0.6609375 0.371875 0.6671875 0.3703125 0.6671875 0.35625 0.6734375 0.3546875 0.6734375 0.346875 0.678125 0.346875 0.6796875 0.340625
1 0.309375 0 0.3265625 0 0.3265625 0.0078125 0.3328125 0.009375 0.3328125 0.0234375 0.3390625 0.025 0.3390625 0.0390625 0.3453125 0.040625 0.3453125 0.0640625 0.334375 0.0640625 0.3328125 0.071875 0.3265625 0.0734375 0.3265625 0.128125 0.3328125 0.1296875 0.3328125 0.153125 0.3390625 0.1546875 0.3390625 0.1609375 0.3328125 0.1625 0.3328125 0.184375 0.328125 0.184375 0.3265625 0.1921875 0.321875 0.1921875 0.321875 0.1859375 0.315625 0.184375 0.315625 0.178125 0.309375 0.1765625 0.3078125 0.16875 0.303125 0.16875 0.303125 0.1546875 0.296875 0.153125 0.296875 0.1375 0.290625 0.1359375 0.2890625 0.128125 0.284375 0.128125 0.284375 0.0578125 0.290625 0.05625 0.290625 0.0328125 0.296875 0.03125 0.296875 0.0171875 0.303125 0.015625 0.303125 0.009375 0.309375 0.0078125 0.309375 0.0015625
1 0.303125 0.678125 0.3203125 0.678125 0.321875 0.6859375 0.3453125 0.6859375 0.346875 0.69375 0.3578125 0.69375 0.3578125 0.709375 0.3640625 0.7109375 0.365625 0.71875 0.3703125 0.71875 0.3703125 0.740625 0.375 0.7421875 0.375 0.765625 0.38125 0.7671875 0.38125 0.7734375 0.346875 0.7734375 0.3453125 0.78125 0.3390625 0.7828125 0.3390625 0.796875 0.334375 0.796875 0.3328125 0.80625 0.328125 0.80625 0.328125 0.7984375 0.321875 0.796875 0.3203125 0.7890625 0.315625 0.7890625 0.315625 0.775 0.309375 0.7734375 0.309375 0.759375 0.303125 0.7578125 0.303125 0.7421875 0.296875 0.740625 0.296875 0.6859375 0.3015625 0.6859375 0.303125 0.6796875
1 0.759375 0.009375 0.8078125 0.009375 0.809375 0.0171875 0.8328125 0.0171875 0.834375 0.025 0.8515625 0.025 0.853125 0.0328125 0.8640625 0.0328125 0.865625 0.040625 0.875 0.040625 0.875 0.046875 0.88125 0.0484375 0.8828125 0.0578125 0.89375 0.0578125 0.89375 0.0640625 0.9 0.065625 0.9 0.071875 0.90625 0.0734375 0.90625 0.0796875 0.9125 0.08125 0.9125 0.0875 0.91875 0.0890625 0.9203125 0.096875 0.925 0.096875 0.925 0.1046875 0.93125 0.10625 0.9328125 0.1140625 0.9375 0.1140625 0.9375 0.128125 0.94375 0.1296875 0.9453125 0.1375 0.95 0.1375 0.95 0.1765625 0.94375 0.178125 0.94375 0.184375 0.9375 0.1859375 0.9375 0.1921875 0.94375 0.19375 0.94375 0.209375 0.95625 0.2109375 0.95625 0.225 0.9203125 0.225 0.91875 0.2171875 0.90625 0.21875 0.90625 0.2328125 0.91875 0.234375 0.91875 0.240625 0.9015625 0.240625 0.9 0.2421875 0.9 0.2484375 0.90625 0.25 0.90625 0.2578125 0.9 0.259375 0.9 0.265625 0.90625 0.2671875 0.90625 0.2734375 0.9125 0.275 0.9140625 0.2828125 0.91875 0.2828125 0.91875 0.296875 0.9078125 0.296875 0.90625 0.30625 0.9015625 0.30625 0.9 0.296875 0.8828125 0.296875 0.8828125 0.290625 0.871875 0.2890625 0.8703125 0.28125 0.859375 0.28125 0.8578125 0.2734375 0.846875 0.2734375 0.846875 0.2671875 0.840625 0.265625 0.8390625 0.2578125 0.828125 0.2578125 0.828125 0.25 0.821875 0.2484375 0.821875 0.2421875 0.815625 0.240625 0.8140625 0.2328125 0.803125 0.2328125 0.803125 0.21875 0.790625 0.2171875 0.790625 0.203125 0.784375 0.2015625 0.7828125 0.1921875 0.778125 0.1921875 0.778125 0.178125 0.771875 0.1765625 0.771875 0.1703125 0.765625 0.16875 0.7640625 0.1609375 0.759375 0.1609375 0.759375 0.1453125 0.753125 0.14375 0.753125 0.1375 0.7484375 0.1359375 0.7484375 0.1296875 0.7421875 0.128125 0.7421875 0.040625 0.746875 0.040625 0.7484375 0.0328125 0.753125 0.03125 0.753125 0.025 0.759375 0.0234375 0.759375 0.0109375
1 0 0.08125 0.0109375 0.08125 0.0125 0.0890625 0.0234375 0.0890625 0.0234375 0.1046875 0.0359375 0.10625 0.0375 0.1140625 0.0484375 0.1140625 0.0484375 0.14375 0.0421875 0.1453125 0.0421875 0.1609375 0.0375 0.1609375 0.0359375 0.16875 0.0296875 0.1703125 0.0296875 0.184375 0.0234375 0.1859375 0.0234375 0.1921875 0.0125 0.1921875 0.0109375 0.184375 0 0.184375 0 0.0828125
1 0.846875 0 0.8515625 0 0.853125 0.009375 0.8640625 0.009375 0.865625 0 0.95 0 0.95 0.015625 0.95625 0.0171875 0.95625 0.03125 0.9515625 0.03125 0.95 0.0390625 0.94375 0.040625 0.94375 0.071875 0.9375 0.0734375 0.9375 0.0796875 0.9265625 0.0796875 0.925 0.071875 0.9140625 0.071875 0.9140625 0.065625 0.9078125 0.0640625 0.90625 0.05625 0.9015625 0.05625 0.9 0.046875 0.8890625 0.046875 0.8875 0.0390625 0.8765625 0.0390625 0.875 0.0234375 0.8703125 0.025 0.8703125 0.03125 0.865625 0.03125 0.865625 0.025 0.859375 0.0234375 0.8578125 0.015625 0.834375 0.015625 0.834375 0.009375 0.8453125 0.009375 0.846875 0.0015625
1 0.9703125 0.259375 0.98125 0.259375 0.98125 0.265625 0.9875 0.2671875 0.9875 0.2734375 0.99375 0.275 0.99375 0.28125 0.9984375 0.2828125 0.9984375 0.3296875 0.99375 0.33125 0.99375 0.378125 0.9984375 0.3796875 0.9984375 0.5078125 0.9890625 0.5078125 0.9890625 0.5 0.9828125 0.4984375 0.9828125 0.4921875 0.9765625 0.490625 0.975 0.4828125 0.9703125 0.4828125 0.9703125 0.46875 0.9640625 0.4671875 0.9640625 0.453125 0.9578125 0.4515625 0.95625 0.4421875 0.9515625 0.4421875 0.9515625 0.4203125 0.9453125 0.41875 0.9453125 0.4046875 0.9390625 0.403125 0.9390625 0.3875 0.9328125 0.3859375 0.93125 0.378125 0.9265625 0.378125 0.9265625 0.2984375 0.93125 0.2984375 0.9328125 0.290625 0.9390625 0.2890625 0.9390625 0.275 0.95 0.275 0.9515625 0.2671875 0.96875 0.2671875 0.9703125 0.2609375
1 0.7359375 0.7421875 0.746875 0.7421875 0.7484375 0.75 0.7640625 0.75 0.7640625 0.7578125 0.7703125 0.759375 0.771875 0.7671875 0.7765625 0.7671875 0.7765625 0.78125 0.7828125 0.7828125 0.784375 0.790625 0.7890625 0.790625 0.7890625 0.80625 0.7953125 0.8078125 0.7953125 0.821875 0.8015625 0.8234375 0.8015625 0.8375 0.8078125 0.8390625 0.8078125 0.8546875 0.8140625 0.85625 0.8140625 0.878125 0.8203125 0.8796875 0.8203125 0.903125 0.796875 0.903125 0.7953125 0.9109375 0.7421875 0.9109375 0.7421875 0.9046875 0.7359375 0.903125 0.7359375 0.8875 0.7296875 0.8859375 0.7296875 0.85625 0.7234375 0.8546875 0.7234375 0.7671875 0.7296875 0.765625 0.7296875 0.75 0.734375 0.75 0.7359375 0.74375
1 0.4328125 0.2828125 0.46875 0.2828125 0.4703125 0.290625 0.4875 0.290625 0.4890625 0.2984375 0.4984375 0.2984375 0.5 0.3078125 0.5109375 0.3078125 0.5109375 0.321875 0.5171875 0.3234375 0.5171875 0.3296875 0.5109375 0.33125 0.5109375 0.3453125 0.5046875 0.346875 0.5046875 0.3703125 0.4984375 0.371875 0.4984375 0.3859375 0.4703125 0.3859375 0.4703125 0.3796875 0.4640625 0.378125 0.4625 0.3703125 0.4515625 0.3703125 0.4515625 0.3640625 0.4453125 0.3625 0.4453125 0.346875 0.4390625 0.3453125 0.4390625 0.33125 0.4328125 0.3296875 0.4328125 0.284375
1 0.4140625 0.371875 0.43125 0.371875 0.43125 0.378125 0.4375 0.3796875 0.4375 0.3859375 0.44375 0.3875 0.4453125 0.3953125 0.45 0.3953125 0.45 0.4109375 0.45625 0.4125 0.45625 0.41875 0.4625 0.4203125 0.4640625 0.428125 0.475 0.428125 0.475 0.434375 0.48125 0.4359375 0.4828125 0.44375 0.4875 0.44375 0.4875 0.4515625 0.49375 0.453125 0.49375 0.459375 0.4890625 0.459375 0.4875 0.4671875 0.48125 0.46875 0.48125 0.4828125 0.4875 0.484375 0.4875 0.5078125 0.49375 0.509375 0.49375 0.5234375 0.4984375 0.525 0.4984375 0.546875 0.5046875 0.5484375 0.5046875 0.571875 0.5109375 0.5734375 0.5109375 0.6203125 0.5046875 0.621875 0.5046875 0.653125 0.4984375 0.6546875 0.4984375 0.6765625 0.49375 0.678125 0.49375 0.684375 0.4890625 0.684375 0.4890625 0.678125 0.4765625 0.6765625 0.4765625 0.6703125 0.4703125 0.66875 0.4703125 0.6625 0.4640625 0.6609375 0.4625 0.653125 0.4578125 0.653125 0.4578125 0.6453125 0.4515625 0.64375 0.4515625 0.6375 0.4453125 0.6359375 0.4453125 0.6296875 0.4390625 0.628125 0.4390625 0.621875 0.4328125 0.6203125 0.43125 0.6125 0.4265625 0.6125 0.4265625 0.596875 0.4203125 0.5953125 0.4203125 0.5890625 0.4140625 0.5875 0.4140625 0.58125 0.4078125 0.5796875 0.40625 0.571875 0.4015625 0.571875 0.4015625 0.5484375 0.3953125 0.546875 0.3953125 0.509375 0.3890625 0.5078125 0.3890625 0.4765625 0.3828125 0.475 0.3828125 0.4203125 0.3890625 0.41875 0.3890625 0.3875 0.4 0.3875 0.4015625 0.3796875 0.4125 0.3796875 0.4140625 0.3734375
1 0.265625 0.009375 0.2828125 0.009375 0.2828125 0.015625 0.2890625 0.0171875 0.2890625 0.0390625 0.2828125 0.040625 0.2828125 0.071875 0.2765625 0.0734375 0.2765625 0.1359375 0.2703125 0.1375 0.2703125 0.14375 0.253125 0.14375 0.2515625 0.153125 0.2421875 0.153125 0.240625 0.1609375 0.2171875 0.1609375 0.215625 0.16875 0.1734375 0.16875 0.1734375 0.1625 0.1671875 0.1609375 0.165625 0.153125 0.1609375 0.153125 0.1609375 0.1375 0.1671875 0.1359375 0.1671875 0.1296875 0.1734375 0.128125 0.1734375 0.121875 0.1796875 0.1203125 0.1796875 0.1140625 0.1921875 0.1125 0.1921875 0.10625 0.1984375 0.1046875 0.1984375 0.096875 0.2046875 0.0953125 0.2046875 0.0890625 0.2109375 0.0875 0.2109375 0.08125 0.2234375 0.0796875 0.2234375 0.065625 0.2296875 0.0640625 0.2296875 0.0578125 0.2421875 0.05625 0.2421875 0.040625 0.2484375 0.0390625 0.2484375 0.0328125 0.253125 0.03125 0.253125 0.025 0.259375 0.0234375 0.259375 0.0171875 0.2640625 0.0171875 0.265625 0.0109375
1 0.5125 0 0.678125 0 0.678125 0.0078125 0.684375 0.009375 0.684375 0.03125 0.690625 0.0328125 0.690625 0.0390625 0.684375 0.040625 0.684375 0.0640625 0.678125 0.065625 0.678125 0.071875 0.6671875 0.071875 0.665625 0.0796875 0.653125 0.08125 0.653125 0.0875 0.61875 0.0875 0.6171875 0.0796875 0.5875 0.0796875 0.5859375 0.071875 0.575 0.071875 0.5734375 0.0640625 0.5625 0.0640625 0.5609375 0.05625 0.55 0.05625 0.5484375 0.046875 0.5375 0.046875 0.5375 0.040625 0.53125 0.0390625 0.53125 0.025 0.51875 0.0234375 0.51875 0.0171875 0.5125 0.015625 0.5125 0.0015625
1 0 0 0.140625 0 0.140625 0.0078125 0.1296875 0.0078125 0.128125 0.015625 0.1234375 0.0171875 0.1234375 0.0234375 0.1125 0.0234375 0.1109375 0.03125 0.0984375 0.0328125 0.0984375 0.0390625 0.08125 0.0390625 0.0796875 0.046875 0.0375 0.046875 0.0359375 0.05625 0.00625 0.05625 0.00625 0.0484375 0 0.046875 0 0.0015625
1 0.4328125 0.1625 0.45 0.1625 0.4515625 0.1703125 0.475 0.1703125 0.475 0.1765625 0.48125 0.178125 0.48125 0.184375 0.4875 0.1859375 0.4890625 0.19375 0.49375 0.19375 0.49375 0.2015625 0.4984375 0.203125 0.5 0.2109375 0.5109375 0.2109375 0.5109375 0.2171875 0.5234375 0.21875 0.525 0.2265625 0.5421875 0.2265625 0.54375 0.234375 0.5671875 0.234375 0.56875 0.2421875 0.6109375 0.2421875 0.6125 0.25 0.653125 0.25 0.6546875 0.259375 0.678125 0.259375 0.678125 0.265625 0.671875 0.2671875 0.671875 0.2890625 0.665625 0.290625 0.665625 0.3140625 0.6484375 0.3140625 0.646875 0.321875 0.5875 0.321875 0.5875 0.3078125 0.58125 0.30625 0.58125 0.2984375 0.575 0.296875 0.575 0.290625 0.56875 0.2890625 0.56875 0.2828125 0.5671875 0.28125 0.55 0.28125 0.5484375 0.2734375 0.5375 0.2734375 0.5359375 0.28125 0.5234375 0.2828125 0.5234375 0.2890625 0.4890625 0.2890625 0.4890625 0.2828125 0.4828125 0.28125 0.48125 0.2734375 0.4703125 0.2734375 0.4703125 0.259375 0.4578125 0.2578125 0.4578125 0.25 0.4515625 0.2484375 0.4515625 0.234375 0.4453125 0.2328125 0.4453125 0.2265625 0.4390625 0.225 0.4375 0.2171875 0.4328125 0.2171875 0.4328125 0.1640625
1 0.6 0.6140625 0.6234375 0.6140625 0.6234375 0.628125 0.628125 0.6296875 0.6296875 0.6375 0.634375 0.6375 0.634375 0.653125 0.640625 0.6546875 0.640625 0.66875 0.646875 0.6703125 0.646875 0.684375 0.653125 0.6859375 0.6546875 0.69375 0.659375 0.69375 0.659375 0.7171875 0.665625 0.71875 0.665625 0.7328125 0.671875 0.734375 0.671875 0.7578125 0.678125 0.759375 0.678125 0.7734375 0.684375 0.775 0.684375 0.7890625 0.690625 0.790625 0.690625 0.796875 0.696875 0.7984375 0.696875 0.80625 0.703125 0.8078125 0.703125 0.821875 0.709375 0.8234375 0.709375 0.8375 0.715625 0.8390625 0.715625 0.8546875 0.721875 0.85625 0.721875 0.903125 0.6296875 0.903125 0.6296875 0.8953125 0.625 0.89375 0.625 0.8875 0.61875 0.8859375 0.61875 0.871875 0.6125 0.8703125 0.6109375 0.8625 0.60625 0.8625 0.60625 0.846875 0.6 0.8453125 0.6 0.83125 0.59375 0.8296875 0.59375 0.8078125 0.5875 0.80625 0.5875 0.7828125 0.58125 0.78125 0.58125 0.7265625 0.575 0.725 0.575 0.71875 0.58125 0.7171875 0.58125 0.7109375 0.575 0.709375 0.575 0.703125 0.58125 0.7015625 0.58125 0.6625 0.5875 0.6609375 0.5875 0.6296875 0.59375 0.628125 0.59375 0.621875 0.5984375 0.621875 0.6 0.615625
1 0.340625 0 0.4125 0 0.4125 0.0078125 0.41875 0.009375 0.4203125 0.0171875 0.4375 0.0171875 0.4375 0.0234375 0.44375 0.025 0.4453125 0.0328125 0.4625 0.0328125 0.4640625 0.040625 0.475 0.040625 0.4765625 0.0484375 0.4875 0.0484375 0.4890625 0.0578125 0.5109375 0.0578125 0.5109375 0.0640625 0.5234375 0.065625 0.525 0.0734375 0.5546875 0.0734375 0.55625 0.08125 0.5921875 0.08125 0.59375 0.0890625 0.6234375 0.0890625 0.625 0.096875 0.653125 0.096875 0.653125 0.1046875 0.646875 0.10625 0.646875 0.1125 0.61875 0.1125 0.6171875 0.1203125 0.59375 0.1203125 0.59375 0.1140625 0.58125 0.1125 0.5796875 0.1046875 0.525 0.1046875 0.5234375 0.0953125 0.4890625 0.0953125 0.4875 0.0875 0.4640625 0.0875 0.4625 0.0890625 0.4625 0.1046875 0.45625 0.10625 0.45625 0.14375 0.4265625 0.14375 0.425 0.1359375 0.4140625 0.1359375 0.4125 0.128125 0.4015625 0.128125 0.4015625 0.121875 0.3953125 0.1203125 0.3953125 0.1140625 0.3890625 0.1125 0.3875 0.1046875 0.3828125 0.1046875 0.3828125 0.096875 0.3765625 0.0953125 0.3765625 0.0890625 0.371875 0.0875 0.371875 0.08125 0.365625 0.0796875 0.365625 0.0734375 0.359375 0.071875 0.3578125 0.0640625 0.353125 0.0640625 0.353125 0.0484375 0.346875 0.046875 0.346875 0.0328125 0.340625 0.03125 0.340625 0.0171875 0.334375 0.015625 0.334375 0.009375 0.340625 0.0078125 0.340625 0.0015625
1 0.1125 0.775 0.128125 0.775 0.1296875 0.7828125 0.146875 0.7828125 0.146875 0.7890625 0.153125 0.790625 0.1546875 0.7984375 0.159375 0.7984375 0.159375 0.80625 0.165625 0.8078125 0.165625 0.8375 0.159375 0.8390625 0.159375 0.8453125 0.165625 0.846875 0.165625 0.8546875 0.159375 0.85625 0.159375 0.878125 0.153125 0.8796875 0.153125 0.89375 0.146875 0.8953125 0.146875 0.903125 0.10625 0.903125 0.10625 0.8953125 0.1 0.89375 0.1 0.85625 0.09375 0.8546875 0.09375 0.7984375 0.1 0.796875 0.1 0.7828125 0.1109375 0.7828125 0.1125 0.7765625
1 0.7421875 0.259375 0.7578125 0.259375 0.7578125 0.265625 0.7640625 0.2671875 0.7640625 0.28125 0.7703125 0.2828125 0.771875 0.290625 0.7765625 0.290625 0.7765625 0.30625 0.7828125 0.3078125 0.7828125 0.3140625 0.7890625 0.315625 0.790625 0.3234375 0.7953125 0.3234375 0.7953125 0.403125 0.7890625 0.4046875 0.7890625 0.41875 0.771875 0.41875 0.7703125 0.4109375 0.7421875 0.4109375 0.740625 0.41875 0.7234375 0.41875 0.7234375 0.3953125 0.7171875 0.39375 0.7171875 0.371875 0.7109375 0.3703125 0.7109375 0.3390625 0.7046875 0.3375 0.7046875 0.315625 0.709375 0.315625 0.7109375 0.3078125 0.7171875 0.30625 0.7171875 0.2984375 0.7234375 0.296875 0.7234375 0.275 0.734375 0.275 0.7359375 0.2671875 0.740625 0.2671875 0.7421875 0.2609375
1 0.7484375 0.4125 0.7578125 0.4125 0.759375 0.4203125 0.7703125 0.4203125 0.7703125 0.4265625 0.7765625 0.428125 0.778125 0.4359375 0.7828125 0.4359375 0.7828125 0.4671875 0.7890625 0.46875 0.7890625 0.5078125 0.7953125 0.509375 0.7953125 0.571875 0.7890625 0.5734375 0.7890625 0.5875 0.7828125 0.5890625 0.7828125 0.6359375 0.7765625 0.6375 0.7765625 0.684375 0.7703125 0.6859375 0.7703125 0.7015625 0.765625 0.7015625 0.7640625 0.6921875 0.6984375 0.6921875 0.6984375 0.678125 0.6921875 0.6765625 0.6921875 0.596875 0.6984375 0.5953125 0.6984375 0.540625 0.7046875 0.5390625 0.7046875 0.509375 0.7109375 0.5078125 0.7109375 0.484375 0.7171875 0.4828125 0.7171875 0.4609375 0.7234375 0.459375 0.7234375 0.44375 0.7296875 0.4421875 0.7296875 0.4359375 0.7359375 0.434375 0.7359375 0.428125 0.7421875 0.4265625 0.7421875 0.4203125 0.746875 0.4203125 0.7484375 0.4140625
1 0.2234375 0.2109375 0.2578125 0.2109375 0.2578125 0.2171875 0.2640625 0.21875 0.265625 0.2265625 0.2703125 0.2265625 0.2703125 0.240625 0.2765625 0.2421875 0.2765625 0.2734375 0.2828125 0.275 0.2828125 0.296875 0.2765625 0.2984375 0.2765625 0.3140625 0.2828125 0.315625 0.2828125 0.321875 0.2765625 0.3234375 0.2765625 0.3625 0.2828125 0.3640625 0.2828125 0.3859375 0.2890625 0.3875 0.2890625 0.403125 0.2953125 0.4046875 0.2953125 0.4265625 0.3015625 0.428125 0.3015625 0.4671875 0.2953125 0.46875 0.2953125 0.475 0.265625 0.475 0.2640625 0.4671875 0.253125 0.4671875 0.253125 0.4609375 0.2484375 0.459375 0.246875 0.4515625 0.2421875 0.4515625 0.240625 0.4421875 0.2296875 0.4421875 0.2296875 0.4359375 0.2234375 0.434375 0.2234375 0.4203125 0.2171875 0.41875 0.2171875 0.4046875 0.2109375 0.403125 0.2109375 0.3796875 0.2046875 0.378125 0.2046875 0.33125 0.1984375 0.3296875 0.1984375 0.275 0.2046875 0.2734375 0.2046875 0.25 0.2109375 0.2484375 0.2109375 0.234375 0.2171875 0.2328125 0.2171875 0.21875 0.221875 0.21875 0.2234375 0.2125
1 0.4203125 0 0.5109375 0 0.5109375 0.0078125 0.5171875 0.009375 0.51875 0.0171875 0.5234375 0.0171875 0.5234375 0.03125 0.5296875 0.0328125 0.5296875 0.0390625 0.5359375 0.040625 0.5375 0.0484375 0.5421875 0.0484375 0.5421875 0.05625 0.5484375 0.0578125 0.5484375 0.0640625 0.51875 0.0640625 0.5171875 0.05625 0.4953125 0.05625 0.49375 0.046875 0.4765625 0.046875 0.475 0.0390625 0.4640625 0.0390625 0.4640625 0.0328125 0.4515625 0.03125 0.45 0.0234375 0.4390625 0.0234375 0.4390625 0.0171875 0.4328125 0.015625 0.4328125 0.009375 0.4203125 0.0078125 0.4203125 0.0015625
1 0.1296875 0.678125 0.134375 0.678125 0.1359375 0.6859375 0.159375 0.6859375 0.159375 0.7015625 0.171875 0.703125 0.171875 0.7171875 0.184375 0.71875 0.184375 0.7328125 0.190625 0.734375 0.1921875 0.7421875 0.215625 0.7421875 0.2171875 0.75 0.246875 0.75 0.246875 0.765625 0.240625 0.7671875 0.240625 0.7734375 0.234375 0.775 0.234375 0.78125 0.2109375 0.78125 0.209375 0.7890625 0.203125 0.790625 0.203125 0.796875 0.1921875 0.796875 0.1921875 0.790625 0.1859375 0.7890625 0.184375 0.78125 0.1671875 0.78125 0.165625 0.7890625 0.1609375 0.7890625 0.159375 0.78125 0.1421875 0.78125 0.140625 0.7734375 0.1296875 0.7734375 0.128125 0.765625 0.11875 0.765625 0.11875 0.759375 0.1125 0.7578125 0.1125 0.75 0.10625 0.7484375 0.1046875 0.740625 0.1 0.740625 0.1 0.7265625 0.10625 0.725 0.10625 0.703125 0.1171875 0.703125 0.11875 0.7015625 0.11875 0.6859375 0.128125 0.6859375 0.1296875 0.6796875
1 0.9203125 0.428125 0.93125 0.428125 0.9328125 0.4359375 0.94375 0.4359375 0.94375 0.4421875 0.95 0.44375 0.95 0.4515625 0.95625 0.453125 0.95625 0.459375 0.9625 0.4609375 0.9640625 0.46875 0.96875 0.46875 0.96875 0.4828125 0.975 0.484375 0.975 0.490625 0.98125 0.4921875 0.98125 0.4984375 0.9875 0.5 0.9875 0.5078125 0.99375 0.509375 0.99375 0.515625 0.9984375 0.5171875 0.9984375 0.53125 0.99375 0.5328125 0.99375 0.5390625 0.9875 0.540625 0.9875 0.546875 0.99375 0.5484375 0.99375 0.5640625 0.9984375 0.565625 0.9984375 0.6359375 0.9890625 0.6359375 0.9890625 0.6296875 0.9828125 0.628125 0.9828125 0.621875 0.9765625 0.6203125 0.9765625 0.6140625 0.9703125 0.6125 0.96875 0.6046875 0.9640625 0.6046875 0.9640625 0.596875 0.9578125 0.5953125 0.9578125 0.58125 0.9515625 0.5796875 0.95 0.571875 0.9453125 0.571875 0.9453125 0.5578125 0.9390625 0.55625 0.9375 0.546875 0.9328125 0.546875 0.9328125 0.5328125 0.9265625 0.53125 0.9265625 0.5171875 0.9203125 0.515625 0.91875 0.5078125 0.9140625 0.5078125 0.9140625 0.4921875 0.9078125 0.490625 0.9078125 0.453125 0.9125 0.453125 0.9140625 0.44375 0.9203125 0.4421875 0.9203125 0.4296875