1 0.4515625 0.5046875 0.49375 0.5046875 0.49375 0.5109375 0.4984375 0.5125 0.4984375 0.51875 0.5109375 0.5203125 0.5109375 0.5265625 0.5171875 0.528125 0.5171875 0.5421875 0.5234375 0.54375 0.5234375 0.5890625 0.51875 0.5890625 0.5171875 0.596875 0.5125 0.596875 0.5109375 0.603125 0.5046875 0.6046875 0.5046875 0.6109375 0.4953125 0.6109375 0.49375 0.61875 0.4765625 0.61875 0.475 0.6109375 0.4640625 0.6109375 0.4625 0.603125 0.4515625 0.603125 0.4515625 0.5984375 0.4453125 0.596875 0.4453125 0.5828125 0.4390625 0.58125 0.4390625 0.5203125 0.4453125 0.51875 0.4453125 0.5125 0.45 0.5125 0.4515625 0.50625
1 0.853125 0.575 0.8703125 0.575 0.871875 0.5828125 0.88125 0.5828125 0.88125 0.596875 0.8875 0.5984375 0.8875 0.634375 0.88125 0.6359375 0.88125 0.665625 0.875 0.6671875 0.875 0.696875 0.88125 0.6984375 0.88125 0.7046875 0.8875 0.70625 0.8875 0.7125 0.89375 0.7140625 0.89375 0.7203125 0.9 0.721875 0.9015625 0.7296875 0.90625 0.7296875 0.90625 0.74375 0.9125 0.7453125 0.9125 0.759375 0.91875 0.7609375 0.91875 0.775 0.9125 0.7765625 0.9125 0.7828125 0.9078125 0.7828125 0.9078125 0.7765625 0.9015625 0.775 0.9015625 0.76875 0.8953125 0.7671875 0.89375 0.759375 0.88125 0.7609375 0.88125 0.7828125 0.8875 0.784375 0.8875 0.8203125 0.89375 0.821875 0.89375 0.875 0.8875 0.8765625 0.8875 0.8984375 0.88125 0.9 0.88125 0.90625 0.871875 0.90625 0.871875 0.9 0.865625 0.8984375 0.8640625 0.890625 0.859375 0.890625 0.859375 0.86875 0.853125 0.8671875 0.853125 0.8453125 0.846875 0.84375 0.846875 0.821875 0.840625 0.8203125 0.840625 0.8 0.834375 0.7984375 0.834375 0.7921875 0.828125 0.790625 0.828125 0.784375 0.821875 0.7828125 0.8203125 0.775 0.8140625 0.7765625 0.8140625 0.790625 0.8078125 0.7921875 0.8078125 0.8046875 0.8015625 0.80625 0.8015625 0.8203125 0.7953125 0.821875 0.7953125 0.8359375 0.790625 0.8359375 0.7890625 0.84375 0.7828125 0.8453125 0.7828125 0.8515625 0.7765625 0.853125 0.7765625 0.8671875 0.7703125 0.86875 0.7703125 0.875 0.7640625 0.8765625 0.7640625 0.8828125 0.7515625 0.884375 0.7515625 0.890625 0.746875 0.8921875 0.746875 0.8984375 0.740625 0.9 0.740625 0.90625 0.734375 0.9078125 0.734375 0.9140625 0.7109375 0.9140625 0.7109375 0.9078125 0.7046875 0.90625 0.7046875 0.8921875 0.7109375 0.890625 0.7109375 0.8765625 0.715625 0.8765625 0.7171875 0.86875 0.7234375 0.8671875 0.7234375 0.853125 0.7296875 0.8515625 0.728125 0.84375 0.7171875 0.84375 0.715625 0.8515625 0.6921875 0.8515625 0.690625 0.859375 0.6671875 0.859375 0.665625 0.8671875 0.61875 0.8671875 0.6171875 0.859375 0.6 0.859375 0.5984375 0.8515625 0.58125 0.8515625 0.58125 0.8453125 0.56875 0.84375 0.5671875 0.8359375 0.55 0.8359375 0.5484375 0.828125 0.5125 0.828125 0.5109375 0.8203125 0.4953125 0.8203125 0.4953125 0.8140625 0.4890625 0.8125 0.4890625 0.8 0.5359375 0.8 0.5375 0.80625 0.5546875 0.80625 0.55625 0.8140625 0.5984375 0.8140625 0.6 0.80625 0.6109375 0.80625 0.6125 0.8 0.628125 0.8 0.6296875 0.7921875 0.640625 0.7921875 0.6421875 0.784375 0.6546875 0.7828125 0.6546875 0.7765625 0.671875 0.7765625 0.6734375 0.76875 0.684375 0.76875 0.6859375 0.7609375 0.696875 0.7609375 0.6984375 0.753125 0.7046875 0.7515625 0.7046875 0.7453125 0.715625 0.7453125 0.7171875 0.7375 0.728125 0.7375 0.7296875 0.7296875 0.7359375 0.728125 0.7359375 0.721875 0.7421875 0.7203125 0.7421875 0.70625 0.7359375 0.7046875 0.7359375 0.6984375 0.7234375 0.696875 0.721875 0.6890625 0.7109375 0.6890625 0.709375 0.68125 0.6859375 0.68125 0.6859375 0.675 0.6734375 0.6734375 0.671875 0.665625 0.6546875 0.665625 0.653125 0.6578125 0.6296875 0.6578125 0.628125 0.65 0.61875 0.65 0.61875 0.64375 0.6125 0.6421875 0.6125 0.628125 0.61875 0.6265625 0.61875 0.6203125 0.653125 0.6203125 0.6546875 0.628125 0.709375 0.628125 0.7109375 0.6359375 0.728125 0.6359375 0.7296875 0.64375 0.740625 0.64375 0.740625 0.65 0.746875 0.6515625 0.7484375 0.659375 0.7578125 0.659375 0.759375 0.6578125 0.759375 0.628125 0.753125 0.6265625 0.753125 0.6203125 0.7484375 0.61875 0.7484375 0.6125 0.7421875 0.6109375 0.7421875 0.5984375 0.7359375 0.596875 0.7359375 0.5828125 0.7703125 0.5828125 0.771875 0.590625 0.7828125 0.590625 0.784375 0.5984375 0.7953125 0.5984375 0.7953125 0.603125 0.8015625 0.6046875 0.8015625 0.6109375 0.8078125 0.6125 0.809375 0.6203125 0.8203125 0.6203125 0.821875 0.6125 0.828125 0.6109375 0.828125 0.6046875 0.834375 0.603125 0.834375 0.590625 0.840625 0.5890625 0.840625 0.5828125 0.8515625 0.5828125 0.853125 0.5765625
1 0.075 0.125 0.0984375 0.125 0.0984375 0.13125 0.1046875 0.1328125 0.10625 0.140625 0.1109375 0.140625 0.1109375 0.1546875 0.1171875 0.15625 0.1171875 0.1625 0.1234375 0.1640625 0.1234375 0.1703125 0.128125 0.171875 0.128125 0.178125 0.134375 0.1796875 0.1359375 0.1875 0.140625 0.1875 0.140625 0.2 0.146875 0.2015625 0.146875 0.2078125 0.153125 0.209375 0.153125 0.215625 0.159375 0.2171875 0.159375 0.2234375 0.165625 0.225 0.1671875 0.2328125 0.178125 0.2328125 0.178125 0.2390625 0.184375 0.240625 0.184375 0.246875 0.196875 0.2484375 0.1984375 0.25625 0.215625 0.25625 0.2171875 0.2640625 0.2828125 0.2640625 0.284375 0.25625 0.3078125 0.25625 0.309375 0.2484375 0.321875 0.246875 0.321875 0.240625 0.3453125 0.240625 0.3453125 0.2546875 0.3328125 0.25625 0.3328125 0.2625 0.3265625 0.2640625 0.3265625 0.278125 0.309375 0.278125 0.3078125 0.2859375 0.3015625 0.2875 0.3015625 0.29375 0.284375 0.29375 0.2828125 0.3015625 0.2703125 0.303125 0.2703125 0.309375 0.2484375 0.309375 0.246875 0.3171875 0.1984375 0.3171875 0.196875 0.309375 0.1734375 0.309375 0.171875 0.3015625 0.1609375 0.3015625 0.159375 0.29375 0.1484375 0.29375 0.1484375 0.2875 0.1421875 0.2859375 0.140625 0.278125 0.1296875 0.278125 0.1296875 0.271875 0.125 0.2703125 0.1234375 0.2625 0.1125 0.2625 0.1109375 0.2546875 0.1 0.2546875 0.0984375 0.246875 0.0875 0.246875 0.0875 0.2328125 0.08125 0.23125 0.08125 0.2171875 0.075 0.215625 0.075 0.1875 0.06875 0.1859375 0.06875 0.15625 0.075 0.1546875 0.075 0.1265625
1 0.365625 0.2328125 0.375 0.2328125 0.375 0.246875 0.38125 0.2484375 0.38125 0.2625 0.3875 0.2640625 0.3875 0.278125 0.39375 0.2796875 0.39375 0.2859375 0.4 0.2875 0.4015625 0.2953125 0.40625 0.2953125 0.40625 0.35625 0.4 0.3578125 0.4 0.3796875 0.39375 0.38125 0.39375 0.3953125 0.3890625 0.3953125 0.3875 0.4015625 0.38125 0.403125 0.38125 0.4171875 0.375 0.41875 0.375 0.4328125 0.365625 0.4328125 0.3640625 0.440625 0.353125 0.440625 0.3515625 0.4484375 0.3453125 0.45 0.3453125 0.45625 0.3328125 0.4578125 0.3328125 0.4640625 0.3265625 0.465625 0.3265625 0.471875 0.315625 0.471875 0.3140625 0.4796875 0.3015625 0.48125 0.3015625 0.4875 0.271875 0.4875 0.2703125 0.4953125 0.2046875 0.4953125 0.203125 0.4875 0.1859375 0.4875 0.184375 0.4796875 0.1734375 0.4796875 0.171875 0.471875 0.1609375 0.471875 0.159375 0.4640625 0.1484375 0.4640625 0.1484375 0.4578125 0.1421875 0.45625 0.1421875 0.45 0.1359375 0.4484375 0.134375 0.440625 0.1296875 0.440625 0.1296875 0.434375 0.125 0.4328125 0.125 0.4265625 0.11875 0.425 0.1171875 0.4171875 0.1125 0.4171875 0.1125 0.4109375 0.11875 0.409375 0.11875 0.403125 0.128125 0.403125 0.1296875 0.396875 0.140625 0.396875 0.1421875 0.403125 0.159375 0.403125 0.1609375 0.4109375 0.171875 0.4109375 0.1734375 0.41875 0.184375 0.41875 0.1859375 0.4265625 0.203125 0.4265625 0.2046875 0.434375 0.234375 0.434375 0.2359375 0.4265625 0.2703125 0.4265625 0.271875 0.41875 0.2828125 0.41875 0.284375 0.4109375 0.2953125 0.4109375 0.296875 0.403125 0.3015625 0.403125 0.303125 0.396875 0.3140625 0.396875 0.315625 0.3890625 0.321875 0.3875 0.321875 0.38125 0.3328125 0.38125 0.334375 0.3734375 0.340625 0.371875 0.340625 0.365625 0.346875 0.3640625 0.346875 0.3578125 0.353125 0.35625 0.353125 0.31875 0.359375 0.3171875 0.359375 0.303125 0.353125 0.3015625 0.353125 0.2796875 0.359375 0.278125 0.359375 0.2484375 0.365625 0.246875 0.365625 0.234375
1 0.4015625 0.5125 0.425 0.5125 0.4265625 0.5203125 0.4375 0.5203125 0.4375 0.58125 0.44375 0.5828125 0.44375 0.596875 0.45 0.5984375 0.45 0.6109375 0.44375 0.6125 0.44375 0.61875 0.4015625 0.61875 0.4 0.6109375 0.3890625 0.6109375 0.3890625 0.6046875 0.3828125 0.603125 0.38125 0.596875 0.3765625 0.596875 0.3765625 0.5828125 0.371875 0.58125 0.371875 0.54375 0.3765625 0.5421875 0.3765625 0.5359375 0.3828125 0.534375 0.3828125 0.528125 0.3890625 0.5265625 0.3890625 0.5203125 0.4 0.5203125 0.4015625 0.5140625
1 0.7359375 0.721875 0.746875 0.721875 0.746875 0.728125 0.7578125 0.7296875 0.759375 0.7375 0.7703125 0.7375 0.7703125 0.7671875 0.7640625 0.76875 0.7640625 0.7828125 0.7578125 0.784375 0.7578125 0.7984375 0.753125 0.7984375 0.7515625 0.8046875 0.746875 0.80625 0.746875 0.8203125 0.740625 0.821875 0.740625 0.8359375 0.734375 0.8375 0.734375 0.84375 0.7171875 0.84375 0.715625 0.8515625 0.6984375 0.8515625 0.696875 0.859375 0.6734375 0.859375 0.671875 0.8671875 0.6125 0.8671875 0.6109375 0.859375 0.59375 0.859375 0.5921875 0.8515625 0.58125 0.8515625 0.58125 0.8453125 0.56875 0.84375 0.5671875 0.8359375 0.54375 0.8359375 0.5421875 0.828125 0.5125 0.828125 0.5109375 0.8203125 0.4953125 0.8203125 0.4953125 0.8140625 0.4890625 0.8125 0.4890625 0.8 0.5359375 0.8 0.5375 0.80625 0.5546875 0.80625 0.55625 0.8140625 0.5984375 0.8140625 0.6 0.80625 0.6109375 0.80625 0.6125 0.8 0.6234375 0.8 0.625 0.7921875 0.640625 0.7921875 0.6421875 0.784375 0.653125 0.784375 0.6546875 0.7765625 0.665625 0.7765625 0.6671875 0.76875 0.678125 0.76875 0.6796875 0.7609375 0.690625 0.7609375 0.6921875 0.753125 0.703125 0.753125 0.7046875 0.7453125 0.715625 0.7453125 0.7171875 0.7375 0.728125 0.7375 0.7296875 0.7296875 0.734375 0.7296875 0.7359375 0.7234375
1 0.0875 0.753125 0.1234375 0.753125 0.1234375 0.759375 0.134375 0.7609375 0.1359375 0.76875 0.171875 0.76875 0.1734375 0.7765625 0.196875 0.7765625 0.1984375 0.784375 0.2828125 0.784375 0.284375 0.7765625 0.3453125 0.7765625 0.346875 0.76875 0.3640625 0.76875 0.365625 0.7609375 0.3875 0.7609375 0.3890625 0.753125 0.4 0.753125 0.4015625 0.7609375 0.4125 0.7609375 0.4125 0.7671875 0.41875 0.76875 0.41875 0.790625 0.4140625 0.790625 0.4125 0.7984375 0.4078125 0.7984375 0.40625 0.8046875 0.4 0.80625 0.4 0.8125 0.39375 0.8140625 0.39375 0.8203125 0.3875 0.821875 0.3875 0.828125 0.3765625 0.828125 0.375 0.8359375 0.359375 0.8359375 0.3578125 0.84375 0.3453125 0.8453125 0.3453125 0.8515625 0.328125 0.8515625 0.3265625 0.859375 0.309375 0.859375 0.3078125 0.8671875 0.1859375 0.8671875 0.184375 0.859375 0.1546875 0.859375 0.153125 0.8515625 0.1421875 0.8515625 0.140625 0.84375 0.1296875 0.84375 0.128125 0.8359375 0.11875 0.8359375 0.11875 0.8296875 0.1125 0.828125 0.1109375 0.8203125 0.1 0.8203125 0.1 0.8140625 0.09375 0.8125 0.09375 0.80625 0.0875 0.8046875 0.0859375 0.7984375 0.08125 0.7984375 0.08125 0.7609375 0.0859375 0.7609375 0.0875 0.7546875
1 0.1984375 0.7140625 0.215625 0.7140625 0.2171875 0.721875 0.228125 0.721875 0.2296875 0.7296875 0.240625 0.7296875 0.2421875 0.7375 0.2515625 0.7375 0.253125 0.7453125 0.2640625 0.7453125 0.265625 0.753125 0.2828125 0.753125 0.2828125 0.759375 0.2890625 0.7609375 0.290625 0.76875 0.2953125 0.76875 0.2953125 0.7828125 0.253125 0.7828125 0.2515625 0.790625 0.2484375 0.790625 0.246875 0.7828125 0.240625 0.784375 0.240625 0.790625 0.2296875 0.790625 0.228125 0.7828125 0.1921875 0.7828125 0.190625 0.775 0.1671875 0.775 0.1671875 0.76875 0.1609375 0.7671875 0.1609375 0.753125 0.165625 0.753125 0.1671875 0.7453125 0.1734375 0.74375 0.1734375 0.7296875 0.184375 0.7296875 0.1859375 0.721875 0.196875 0.721875 0.1984375 0.715625
1 0.334375 0.2328125 0.3640625 0.2328125 0.3640625 0.2703125 0.3578125 0.271875 0.3578125 0.278125 0.3640625 0.2796875 0.3640625 0.309375 0.3578125 0.3109375 0.3578125 0.340625 0.3515625 0.3421875 0.3515625 0.35625 0.3453125 0.3578125 0.3453125 0.371875 0.334375 0.371875 0.3328125 0.3796875 0.3265625 0.38125 0.3265625 0.3875 0.315625 0.3875 0.3140625 0.3953125 0.309375 0.3953125 0.3078125 0.4015625 0.296875 0.4015625 0.2953125 0.409375 0.2890625 0.4109375 0.2890625 0.4171875 0.265625 0.4171875 0.2640625 0.425 0.2421875 0.425 0.240625 0.4328125 0.2359375 0.4328125 0.234375 0.425 0.1859375 0.425 0.1859375 0.41875 0.1734375 0.4171875 0.171875 0.409375 0.1546875 0.409375 0.153125 0.4015625 0.1421875 0.4015625 0.1421875 0.396875 0.1359375 0.3953125 0.1359375 0.3890625 0.1296875 0.3875 0.1296875 0.38125 0.11875 0.3796875 0.11875 0.3734375 0.1125 0.371875 0.1125 0.365625 0.10625 0.3640625 0.10625 0.3578125 0.1 0.35625 0.1 0.35 0.09375 0.3484375 0.0921875 0.340625 0.0875 0.340625 0.0875 0.334375 0.08125 0.3328125 0.08125 0.31875 0.075 0.3171875 0.0734375 0.309375 0.06875 0.309375 0.06875 0.2875 0.0625 0.2859375 0.0625 0.2484375 0.0984375 0.2484375 0.1 0.25625 0.1109375 0.25625 0.1109375 0.2625 0.1171875 0.2640625 0.11875 0.271875 0.128125 0.271875 0.1296875 0.2796875 0.140625 0.2796875 0.140625 0.2859375 0.146875 0.2875 0.1484375 0.2953125 0.159375 0.2953125 0.159375 0.3015625 0.171875 0.303125 0.1734375 0.3109375 0.190625 0.3109375 0.1921875 0.31875 0.2515625 0.31875 0.253125 0.3109375 0.2703125 0.3109375 0.271875 0.303125 0.2828125 0.303125 0.284375 0.2953125 0.2953125 0.2953125 0.296875 0.2875 0.3078125 0.2875 0.309375 0.2796875 0.321875 0.278125 0.321875 0.271875 0.3265625 0.271875 0.328125 0.2640625 0.334375 0.2625 0.334375 0.25625 0.340625 0.2546875 0.340625 0.2484375 0.346875 0.246875 0.346875 0.240625 0.334375 0.2390625 0.334375 0.234375
1 0.61875 0.1640625 0.6234375 0.1640625 0.6234375 0.1703125 0.628125 0.171875 0.628125 0.178125 0.634375 0.1796875 0.634375 0.19375 0.640625 0.1953125 0.640625 0.23125 0.646875 0.2328125 0.6484375 0.240625 0.653125 0.240625 0.653125 0.2546875 0.665625 0.25625 0.665625 0.2625 0.671875 0.2640625 0.6734375 0.271875 0.684375 0.271875 0.6859375 0.2796875 0.696875 0.2796875 0.696875 0.2859375 0.709375 0.2875 0.7109375 0.2953125 0.734375 0.2953125 0.7359375 0.303125 0.7828125 0.303125 0.784375 0.2953125 0.8078125 0.2953125 0.809375 0.2875 0.821875 0.2859375 0.821875 0.2796875 0.8328125 0.2796875 0.834375 0.271875 0.840625 0.2703125 0.840625 0.2640625 0.8515625 0.2640625 0.853125 0.25625 0.859375 0.2546875 0.859375 0.2484375 0.8703125 0.2484375 0.871875 0.240625 0.8765625 0.2390625 0.8765625 0.2328125 0.8875 0.2328125 0.8890625 0.225 0.9015625 0.2234375 0.9015625 0.2171875 0.9125 0.2171875 0.9125 0.2234375 0.91875 0.225 0.91875 0.2703125 0.9125 0.271875 0.9125 0.2859375 0.90625 0.2875 0.90625 0.3015625 0.9015625 0.3015625 0.9 0.309375 0.89375 0.3109375 0.89375 0.3171875 0.8875 0.31875 0.8875 0.325 0.88125 0.3265625 0.88125 0.340625 0.8703125 0.3421875 0.8703125 0.3484375 0.8640625 0.35 0.8640625 0.35625 0.8578125 0.3578125 0.8578125 0.3640625 0.8515625 0.365625 0.8515625 0.371875 0.840625 0.371875 0.8390625 0.3796875 0.828125 0.3796875 0.8265625 0.3875 0.815625 0.3875 0.8140625 0.3953125 0.796875 0.3953125 0.7953125 0.4015625 0.7171875 0.4015625 0.715625 0.3953125 0.6921875 0.3953125 0.690625 0.3875 0.6796875 0.3875 0.678125 0.3796875 0.6671875 0.3796875 0.665625 0.371875 0.6546875 0.371875 0.6546875 0.365625 0.6484375 0.3640625 0.6484375 0.3578125 0.6421875 0.35625 0.6421875 0.35 0.6359375 0.3484375 0.634375 0.340625 0.6296875 0.340625 0.6296875 0.3265625 0.625 0.325 0.625 0.2171875 0.61875 0.215625 0.61875 0.2015625 0.6125 0.2 0.6125 0.171875 0.6171875 0.171875 0.61875 0.165625
1 0.4515625 0.5046875 0.49375 0.5046875 0.49375 0.5109375 0.4984375 0.5125 0.4984375 0.51875 0.5109375 0.5203125 0.5109375 0.5265625 0.5171875 0.528125 0.5171875 0.5421875 0.5234375 0.54375 0.5234375 0.58125 0.5171875 0.5828125 0.5171875 0.596875 0.5125 0.596875 0.5109375 0.603125 0.5046875 0.6046875 0.5046875 0.6109375 0.4953125 0.6109375 0.49375 0.61875 0.4765625 0.61875 0.475 0.6109375 0.4453125 0.6109375 0.44375 0.61875 0.4078125 0.61875 0.40625 0.6109375 0.3890625 0.6109375 0.3890625 0.6046875 0.3828125 0.603125 0.38125 0.596875 0.3765625 0.596875 0.3765625 0.5828125 0.371875 0.58125 0.371875 0.54375 0.3765625 0.5421875 0.3765625 0.5359375 0.3828125 0.534375 0.3828125 0.528125 0.3890625 0.5265625 0.3890625 0.5203125 0.4 0.5203125 0.4015625 0.5125 0.425 0.5125 0.4265625 0.5203125 0.44375 0.5203125 0.4453125 0.5125 0.45 0.5125 0.4515625 0.50625