1 0.55 0 0.6171875 0 0.6171875 0.021875 0.6109375 0.0234375 0.6109375 0.0328125 0.6046875 0.034375 0.6046875 0.04375 0.6 0.04375 0.5984375 0.0546875 0.5921875 0.05625 0.5921875 0.065625 0.5859375 0.0671875 0.5859375 0.0765625 0.5796875 0.078125 0.5796875 0.0875 0.56875 0.0875 0.5671875 0.0984375 0.5546875 0.1 0.5546875 0.109375 0.5375 0.109375 0.5375 0.1 0.53125 0.0984375 0.53125 0.05625 0.5375 0.0546875 0.5375 0.0234375 0.5421875 0.0234375 0.54375 0.0125 0.55 0.0109375 0.55 0.0015625
1 0.5125 0.121875 0.5359375 0.121875 0.5359375 0.13125 0.5421875 0.1328125 0.5421875 0.1640625 0.5484375 0.165625 0.5484375 0.2953125 0.5421875 0.296875 0.5421875 0.3171875 0.5359375 0.31875 0.5359375 0.3625 0.5296875 0.3640625 0.5296875 0.384375 0.5234375 0.3859375 0.5234375 0.40625 0.51875 0.40625 0.51875 0.3421875 0.525 0.340625 0.525 0.31875 0.51875 0.3171875 0.51875 0.296875 0.5125 0.2953125 0.5125 0.253125 0.50625 0.2515625 0.50625 0.2421875 0.5 0.240625 0.5 0.1546875 0.50625 0.153125 0.50625 0.1328125 0.5125 0.13125 0.5125 0.1234375
1 0.4078125 0.2859375 0.425 0.2859375 0.425 0.2953125 0.43125 0.296875 0.43125 0.5046875 0.425 0.50625 0.425 0.5265625 0.41875 0.528125 0.41875 0.5484375 0.4078125 0.5484375 0.40625 0.559375 0.4015625 0.559375 0.4015625 0.55 0.3953125 0.5484375 0.3953125 0.5390625 0.3890625 0.5375 0.3890625 0.528125 0.3828125 0.5265625 0.3828125 0.4078125 0.3890625 0.40625 0.3890625 0.3640625 0.3953125 0.3625 0.3953125 0.3421875 0.4015625 0.340625 0.4015625 0.3078125 0.4078125 0.30625 0.4078125 0.2875
1 0.6359375 0.3640625 0.640625 0.3640625 0.6421875 0.375 0.653125 0.375 0.653125 0.40625 0.659375 0.4078125 0.659375 0.4390625 0.665625 0.440625 0.665625 0.515625 0.659375 0.5171875 0.659375 0.5484375 0.6546875 0.5484375 0.653125 0.559375 0.646875 0.5609375 0.646875 0.5921875 0.6421875 0.5921875 0.640625 0.603125 0.634375 0.6046875 0.634375 0.625 0.628125 0.6265625 0.628125 0.6359375 0.6171875 0.6375 0.6171875 0.646875 0.6109375 0.6484375 0.6109375 0.6578125 0.56875 0.6578125 0.56875 0.615625 0.575 0.6140625 0.575 0.59375 0.58125 0.5921875 0.58125 0.5609375 0.5859375 0.5609375 0.5875 0.55 0.59375 0.5484375 0.59375 0.528125 0.6 0.5265625 0.6 0.4953125 0.6046875 0.4953125 0.60625 0.484375 0.6125 0.4828125 0.6125 0.4625 0.61875 0.4609375 0.61875 0.440625 0.625 0.4390625 0.625 0.41875 0.6296875 0.4171875 0.6296875 0.375 0.6359375 0.3734375 0.6359375 0.365625
1 0.4390625 0.1109375 0.45625 0.1109375 0.45625 0.13125 0.4625 0.1328125 0.4625 0.175 0.46875 0.1765625 0.46875 0.284375 0.4328125 0.284375 0.43125 0.2734375 0.4203125 0.2734375 0.4203125 0.1546875 0.4265625 0.153125 0.4265625 0.1328125 0.4328125 0.13125 0.4328125 0.121875 0.4390625 0.1203125 0.4390625 0.1125
1 0.334375 0 0.39375 0 0.39375 0.0328125 0.3875 0.034375 0.3875 0.0546875 0.3828125 0.0546875 0.38125 0.065625 0.375 0.0671875 0.375 0.0875 0.346875 0.0875 0.346875 0.078125 0.340625 0.0765625 0.340625 0.05625 0.334375 0.0546875 0.334375 0.0015625
1 0.6609375 0.4953125 0.665625 0.4953125 0.665625 0.625 0.659375 0.6265625 0.659375 0.646875 0.653125 0.6484375 0.653125 0.6578125 0.665625 0.659375 0.665625 0.6703125 0.6421875 0.6703125 0.640625 0.671875 0.640625 0.68125 0.6359375 0.68125 0.634375 0.6921875 0.628125 0.69375 0.628125 0.7140625 0.6234375 0.715625 0.6234375 0.725 0.6171875 0.7265625 0.6171875 0.7359375 0.6109375 0.7375 0.6109375 0.746875 0.6 0.746875 0.6 0.7046875 0.59375 0.703125 0.59375 0.6828125 0.6 0.68125 0.6 0.659375 0.60625 0.6578125 0.60625 0.6484375 0.6125 0.646875 0.6125 0.6375 0.6234375 0.6375 0.625 0.6265625 0.6296875 0.625 0.6296875 0.6046875 0.6359375 0.603125 0.6359375 0.5828125 0.6421875 0.58125 0.6421875 0.5609375 0.6484375 0.559375 0.6484375 0.5390625 0.6546875 0.5375 0.6546875 0.5171875 0.6609375 0.515625 0.6609375 0.496875
1 0.5 0.528125 0.5484375 0.528125 0.5484375 0.5703125 0.5421875 0.571875 0.5421875 0.58125 0.53125 0.58125 0.5296875 0.5921875 0.5234375 0.59375 0.5234375 0.6140625 0.51875 0.6140625 0.5171875 0.625 0.5109375 0.6265625 0.5109375 0.646875 0.5046875 0.6484375 0.5046875 0.7578125 0.4984375 0.759375 0.4984375 0.7796875 0.49375 0.78125 0.49375 0.790625 0.4828125 0.790625 0.4828125 0.78125 0.4765625 0.7796875 0.4765625 0.759375 0.4703125 0.7578125 0.4703125 0.671875 0.4765625 0.6703125 0.4765625 0.5609375 0.4828125 0.559375 0.4828125 0.55 0.4890625 0.5484375 0.4890625 0.5390625 0.5 0.5375 0.5 0.5296875
1 0.340625 0.6828125 0.3578125 0.6828125 0.3578125 0.6921875 0.3640625 0.69375 0.365625 0.7046875 0.38125 0.7046875 0.38125 0.7140625 0.375 0.715625 0.375 0.725 0.3765625 0.7265625 0.39375 0.7265625 0.39375 0.7359375 0.38125 0.7375 0.38125 0.746875 0.39375 0.7484375 0.39375 0.7578125 0.4 0.759375 0.4 0.7796875 0.3890625 0.7796875 0.3875 0.790625 0.4 0.7921875 0.4 0.8015625 0.40625 0.803125 0.4078125 0.8140625 0.41875 0.8140625 0.41875 0.8453125 0.425 0.846875 0.425 0.878125 0.4140625 0.878125 0.4125 0.8890625 0.40625 0.890625 0.40625 0.9 0.3953125 0.9 0.39375 0.9109375 0.3890625 0.9109375 0.3875 0.9 0.371875 0.9 0.371875 0.890625 0.365625 0.8890625 0.3640625 0.878125 0.353125 0.878125 0.353125 0.8578125 0.346875 0.85625 0.346875 0.846875 0.334375 0.8453125 0.334375 0.69375 0.340625 0.6921875 0.340625 0.684375
1 0.4328125 0.5828125 0.44375 0.5828125 0.44375 0.5921875 0.45 0.59375 0.45 0.625 0.45625 0.6265625 0.45625 0.6578125 0.4625 0.659375 0.4625 0.8234375 0.45625 0.825 0.45625 0.8453125 0.45 0.846875 0.45 0.85625 0.44375 0.8578125 0.44375 0.8671875 0.4390625 0.8671875 0.4390625 0.8578125 0.4328125 0.85625 0.4328125 0.8359375 0.4265625 0.834375 0.4265625 0.825 0.4203125 0.8234375 0.4203125 0.6375 0.4265625 0.6359375 0.4265625 0.59375 0.4328125 0.5921875 0.4328125 0.584375
1 0.4578125 0 0.5296875 0 0.5296875 0.0109375 0.5234375 0.0125 0.5234375 0.021875 0.5171875 0.0234375 0.5171875 0.0328125 0.5109375 0.034375 0.5109375 0.04375 0.50625 0.04375 0.5046875 0.0546875 0.4984375 0.05625 0.4984375 0.0765625 0.4890625 0.0765625 0.4875 0.0875 0.4703125 0.0875 0.46875 0.0984375 0.4578125 0.0984375 0.4578125 0.0890625 0.4515625 0.0875 0.4515625 0.0234375 0.4578125 0.021875 0.4578125 0.0015625
1 0.365625 0.5171875 0.375 0.5171875 0.375 0.5265625 0.38125 0.528125 0.38125 0.5375 0.3875 0.5390625 0.3875 0.5484375 0.39375 0.55 0.39375 0.5703125 0.4 0.571875 0.4 0.58125 0.40625 0.5828125 0.40625 0.603125 0.4125 0.6046875 0.4125 0.625 0.41875 0.6265625 0.41875 0.6921875 0.4125 0.69375 0.4125 0.7359375 0.4015625 0.7359375 0.4 0.725 0.3890625 0.725 0.3890625 0.715625 0.3828125 0.7140625 0.3828125 0.7046875 0.3765625 0.703125 0.3765625 0.69375 0.371875 0.6921875 0.371875 0.6828125 0.365625 0.68125 0.365625 0.671875 0.353125 0.6703125 0.353125 0.6484375 0.346875 0.646875 0.346875 0.6265625 0.340625 0.625 0.340625 0.59375 0.346875 0.5921875 0.346875 0.5609375 0.353125 0.559375 0.353125 0.5390625 0.359375 0.5375 0.359375 0.528125 0.365625 0.5265625 0.365625 0.51875
1 0.4390625 0.1109375 0.45625 0.1109375 0.45625 0.13125 0.4625 0.1328125 0.4625 0.175 0.46875 0.1765625 0.46875 0.3171875 0.475 0.31875 0.475 0.328125 0.46875 0.3296875 0.46875 0.3515625 0.4625 0.353125 0.4625 0.40625 0.45625 0.4078125 0.45625 0.4390625 0.45 0.440625 0.45 0.4609375 0.4328125 0.4609375 0.4328125 0.3859375 0.4390625 0.384375 0.4390625 0.3296875 0.4328125 0.328125 0.4328125 0.2859375 0.4265625 0.284375 0.4265625 0.275 0.4203125 0.2734375 0.4203125 0.1546875 0.4265625 0.153125 0.4265625 0.1328125 0.4328125 0.13125 0.4328125 0.121875 0.4390625 0.1203125 0.4390625 0.1125
1 0.56875 0.209375 0.5859375 0.209375 0.5859375 0.2296875 0.5921875 0.23125 0.5921875 0.2734375 0.5984375 0.275 0.5984375 0.340625 0.5921875 0.3421875 0.5921875 0.384375 0.5859375 0.3859375 0.5859375 0.4171875 0.58125 0.4171875 0.5796875 0.428125 0.5734375 0.4296875 0.5734375 0.45 0.5671875 0.4515625 0.5671875 0.471875 0.5625 0.471875 0.5609375 0.4828125 0.5546875 0.484375 0.5546875 0.515625 0.5125 0.515625 0.5125 0.50625 0.50625 0.5046875 0.50625 0.440625 0.5125 0.4390625 0.5125 0.41875 0.5171875 0.41875 0.51875 0.4078125 0.525 0.40625 0.525 0.3859375 0.53125 0.384375 0.53125 0.3640625 0.5375 0.3625 0.5375 0.3421875 0.525 0.340625 0.525 0.3296875 0.5359375 0.3296875 0.5375 0.31875 0.54375 0.3171875 0.54375 0.3078125 0.55 0.30625 0.55 0.2859375 0.55625 0.284375 0.55625 0.2421875 0.5625 0.240625 0.5625 0.2203125 0.56875 0.21875 0.56875 0.2109375
1 0.3953125 0.1546875 0.40625 0.1546875 0.40625 0.1640625 0.4125 0.165625 0.4125 0.2515625 0.40625 0.253125 0.40625 0.2953125 0.4 0.296875 0.4 0.328125 0.39375 0.3296875 0.39375 0.3515625 0.3875 0.353125 0.3875 0.3953125 0.38125 0.396875 0.38125 0.471875 0.371875 0.471875 0.371875 0.4625 0.365625 0.4609375 0.365625 0.4515625 0.359375 0.45 0.359375 0.4296875 0.353125 0.428125 0.353125 0.396875 0.346875 0.3953125 0.346875 0.2640625 0.353125 0.2625 0.353125 0.2421875 0.359375 0.240625 0.359375 0.209375 0.371875 0.2078125 0.371875 0.1984375 0.3765625 0.196875 0.3765625 0.1875 0.3828125 0.1859375 0.3828125 0.1765625 0.3890625 0.175 0.3890625 0.165625 0.3953125 0.1640625 0.3953125 0.15625
1 0.60625 0.034375 0.6109375 0.034375 0.6109375 0.0765625 0.6046875 0.078125 0.6046875 0.1203125 0.5984375 0.121875 0.5984375 0.1421875 0.5921875 0.14375 0.5921875 0.153125 0.58125 0.153125 0.5796875 0.1640625 0.5671875 0.165625 0.5671875 0.175 0.55 0.175 0.55 0.1546875 0.54375 0.153125 0.54375 0.1328125 0.5375 0.13125 0.5375 0.1109375 0.54375 0.109375 0.54375 0.1 0.5609375 0.1 0.5625 0.0890625 0.575 0.0875 0.575 0.078125 0.58125 0.0765625 0.58125 0.0671875 0.5875 0.065625 0.5875 0.05625 0.59375 0.0546875 0.59375 0.0453125 0.6046875 0.0453125 0.60625 0.0359375
1 0.4640625 0.8359375 0.46875 0.8359375 0.46875 0.8453125 0.475 0.846875 0.475 0.878125 0.46875 0.8796875 0.46875 0.9109375 0.475 0.9125 0.475 0.9328125 0.46875 0.934375 0.46875 0.9546875 0.4453125 0.9546875 0.4453125 0.9453125 0.4390625 0.94375 0.4390625 0.8578125 0.45 0.8578125 0.4515625 0.846875 0.4625 0.846875 0.4640625 0.8375
1 0.4890625 0.5390625 0.49375 0.5390625 0.49375 0.5484375 0.4984375 0.55 0.4984375 0.5921875 0.5046875 0.59375 0.5046875 0.6921875 0.4984375 0.69375 0.4984375 0.76875 0.49375 0.7703125 0.49375 0.7796875 0.4875 0.78125 0.4875 0.790625 0.4765625 0.790625 0.4765625 0.7703125 0.4703125 0.76875 0.4703125 0.7046875 0.4765625 0.703125 0.4765625 0.69375 0.4703125 0.6921875 0.4703125 0.671875 0.4765625 0.6703125 0.4765625 0.55 0.4875 0.55 0.4890625 0.540625
1 0.3953125 0 0.45625 0 0.45625 0.0109375 0.45 0.0125 0.45 0.0328125 0.44375 0.034375 0.44375 0.0875 0.4375 0.0890625 0.4375 0.0984375 0.3953125 0.0984375 0.39375 0.0875 0.3828125 0.0875 0.3828125 0.05625 0.3890625 0.0546875 0.3890625 0.034375 0.3953125 0.0328125 0.3953125 0.0015625
1 0.525 0.6046875 0.5421875 0.6046875 0.5421875 0.625 0.5484375 0.6265625 0.5484375 0.8125 0.5421875 0.8140625 0.5421875 0.8453125 0.5359375 0.846875 0.5359375 0.8671875 0.5296875 0.86875 0.5296875 0.878125 0.51875 0.878125 0.51875 0.86875 0.5125 0.8671875 0.5125 0.846875 0.50625 0.8453125 0.50625 0.8359375 0.5 0.834375 0.5 0.8140625 0.4953125 0.8125 0.4953125 0.78125 0.5 0.7796875 0.5 0.7484375 0.50625 0.746875 0.50625 0.715625 0.5 0.7140625 0.5 0.69375 0.50625 0.6921875 0.50625 0.6375 0.5125 0.6359375 0.5125 0.6265625 0.51875 0.625 0.51875 0.615625 0.525 0.6140625 0.525 0.60625
1 0.4828125 0.2640625 0.4984375 0.2640625 0.4984375 0.2734375 0.5046875 0.275 0.5046875 0.2953125 0.5109375 0.296875 0.5109375 0.3171875 0.5171875 0.31875 0.5171875 0.384375 0.5109375 0.3859375 0.5109375 0.428125 0.5046875 0.4296875 0.5046875 0.4609375 0.4984375 0.4625 0.4984375 0.49375 0.49375 0.4953125 0.49375 0.515625 0.4875 0.5171875 0.4875 0.5265625 0.4828125 0.5265625 0.48125 0.5375 0.475 0.5390625 0.475 0.559375 0.4578125 0.559375 0.4578125 0.5390625 0.4515625 0.5375 0.4515625 0.528125 0.4453125 0.5265625 0.4453125 0.4734375 0.4515625 0.471875 0.4515625 0.4515625 0.4578125 0.45 0.4578125 0.4296875 0.4640625 0.428125 0.4640625 0.3640625 0.4765625 0.3625 0.4765625 0.353125 0.4703125 0.3515625 0.4703125 0.3421875 0.4765625 0.340625 0.4765625 0.275 0.4828125 0.2734375 0.4828125 0.265625
1 0.5125 0.121875 0.5359375 0.121875 0.5359375 0.13125 0.5421875 0.1328125 0.5421875 0.1640625 0.5484375 0.165625 0.5484375 0.2734375 0.5421875 0.275 0.5421875 0.284375 0.5375 0.284375 0.5359375 0.2734375 0.5296875 0.275 0.5296875 0.284375 0.51875 0.284375 0.51875 0.275 0.5125 0.2734375 0.5125 0.2421875 0.50625 0.240625 0.50625 0.23125 0.5 0.2296875 0.5 0.1546875 0.50625 0.153125 0.50625 0.1328125 0.5125 0.13125 0.5125 0.1234375
1 0.53125 0 0.6171875 0 0.6171875 0.0109375 0.6109375 0.0125 0.6109375 0.0328125 0.6046875 0.034375 0.6046875 0.04375 0.5921875 0.0453125 0.5921875 0.065625 0.5859375 0.0671875 0.5859375 0.0765625 0.5796875 0.078125 0.5796875 0.0875 0.56875 0.0875 0.5671875 0.0984375 0.5546875 0.1 0.5546875 0.109375 0.53125 0.109375 0.5296875 0.0984375 0.50625 0.0984375 0.50625 0.0890625 0.5 0.0875 0.5 0.0671875 0.50625 0.065625 0.50625 0.0453125 0.5125 0.04375 0.5125 0.034375 0.51875 0.0328125 0.51875 0.0234375 0.5234375 0.0234375 0.525 0.0125 0.53125 0.0109375 0.53125 0.0015625
1 0.334375 0.846875 0.3453125 0.846875 0.3453125 0.85625 0.3515625 0.8578125 0.3515625 0.8671875 0.3578125 0.86875 0.3578125 0.878125 0.3703125 0.8796875 0.3703125 0.8890625 0.375 0.890625 0.3765625 0.9015625 0.4 0.9015625 0.4015625 0.890625 0.4078125 0.8890625 0.4078125 0.8796875 0.43125 0.8796875 0.43125 0.94375 0.425 0.9453125 0.425 0.9546875 0.41875 0.95625 0.41875 0.965625 0.4078125 0.965625 0.40625 0.9765625 0.3765625 0.9765625 0.375 0.9875 0.340625 0.9875 0.340625 0.978125 0.334375 0.9765625 0.334375 0.8484375
1 0.6125 0.1765625 0.628125 0.1765625 0.628125 0.1859375 0.634375 0.1875 0.634375 0.2078125 0.640625 0.209375 0.640625 0.2625 0.634375 0.2640625 0.634375 0.340625 0.628125 0.3421875 0.628125 0.384375 0.6234375 0.3859375 0.6234375 0.3953125 0.6171875 0.396875 0.6171875 0.40625 0.6109375 0.4078125 0.6109375 0.428125 0.5984375 0.4296875 0.5984375 0.4609375 0.5921875 0.4625 0.5921875 0.471875 0.5859375 0.4734375 0.5859375 0.4828125 0.5796875 0.484375 0.5796875 0.49375 0.56875 0.49375 0.5671875 0.5046875 0.5625 0.5046875 0.5625 0.4734375 0.56875 0.471875 0.56875 0.4515625 0.575 0.45 0.575 0.4296875 0.58125 0.428125 0.58125 0.4078125 0.5875 0.40625 0.5875 0.3859375 0.59375 0.384375 0.59375 0.3421875 0.6 0.340625 0.6 0.275 0.59375 0.2734375 0.59375 0.2203125 0.5984375 0.2203125 0.6 0.209375 0.60625 0.2078125 0.60625 0.1875 0.6125 0.1859375 0.6125 0.178125