0 0.1609375 0.253125 0.178125 0.253125 0.178125 0.2625 0.190625 0.2640625 0.190625 0.2734375 0.196875 0.275 0.1984375 0.284375 0.203125 0.284375 0.203125 0.29375 0.215625 0.2953125 0.2171875 0.30625 0.228125 0.30625 0.228125 0.315625 0.234375 0.3171875 0.2359375 0.3265625 0.240625 0.3265625 0.240625 0.3578125 0.246875 0.359375 0.246875 0.3984375 0.240625 0.4 0.240625 0.4203125 0.234375 0.421875 0.234375 0.440625 0.228125 0.4421875 0.228125 0.4515625 0.221875 0.453125 0.221875 0.4625 0.2109375 0.4625 0.209375 0.4734375 0.1984375 0.4734375 0.196875 0.4828125 0.1859375 0.4828125 0.184375 0.49375 0.1546875 0.49375 0.153125 0.4828125 0.1359375 0.4828125 0.134375 0.4734375 0.125 0.4734375 0.125 0.4640625 0.11875 0.4625 0.11875 0.4421875 0.1125 0.440625 0.1125 0.421875 0.10625 0.4203125 0.10625 0.390625 0.1 0.3890625 0.1 0.359375 0.10625 0.3578125 0.10625 0.3265625 0.1125 0.325 0.1125 0.30625 0.11875 0.3046875 0.11875 0.2953125 0.128125 0.2953125 0.1296875 0.284375 0.140625 0.284375 0.1421875 0.275 0.153125 0.275 0.1546875 0.2640625 0.1609375 0.2625 0.1609375 0.2546875
0 0.771875 0.390625 0.7890625 0.390625 0.790625 0.4 0.8078125 0.4 0.809375 0.4109375 0.8203125 0.4109375 0.8203125 0.4203125 0.8265625 0.421875 0.8265625 0.43125 0.8328125 0.4328125 0.8328125 0.4515625 0.8390625 0.453125 0.8390625 0.4625 0.8328125 0.4640625 0.8328125 0.4734375 0.815625 0.4734375 0.8140625 0.4625 0.771875 0.4625 0.771875 0.4421875 0.765625 0.440625 0.765625 0.4328125 0.771875 0.43125 0.771875 0.421875 0.765625 0.4203125 0.765625 0.4 0.771875 0.3984375 0.771875 0.3921875
0 0.525 0.1265625 0.5484375 0.1265625 0.55 0.1375 0.5609375 0.1375 0.5609375 0.146875 0.5671875 0.1484375 0.5671875 0.1578125 0.5734375 0.159375 0.575 0.16875 0.5796875 0.16875 0.5796875 0.1890625 0.5859375 0.190625 0.5859375 0.2828125 0.5796875 0.284375 0.5796875 0.3046875 0.5734375 0.30625 0.5734375 0.315625 0.56875 0.315625 0.5671875 0.325 0.5609375 0.3265625 0.5609375 0.3359375 0.54375 0.3359375 0.5421875 0.346875 0.51875 0.346875 0.5171875 0.3359375 0.4953125 0.3359375 0.4953125 0.3265625 0.4890625 0.325 0.4890625 0.3171875 0.4828125 0.315625 0.4828125 0.30625 0.4765625 0.3046875 0.4765625 0.284375 0.4703125 0.2828125 0.4703125 0.2 0.4765625 0.1984375 0.4765625 0.1796875 0.4828125 0.178125 0.4828125 0.16875 0.4875 0.16875 0.4890625 0.159375 0.4953125 0.1578125 0.4953125 0.1484375 0.5046875 0.1484375 0.50625 0.1375 0.5234375 0.1375 0.525 0.128125
0 0.5 0.4640625 0.5359375 0.4640625 0.5375 0.475 0.5546875 0.475 0.55625 0.484375 0.5671875 0.484375 0.5671875 0.49375 0.5734375 0.4953125 0.5734375 0.5046875 0.5796875 0.50625 0.5796875 0.525 0.5859375 0.5265625 0.5859375 0.546875 0.5921875 0.5484375 0.5921875 0.609375 0.5859375 0.6109375 0.5859375 0.63125 0.58125 0.63125 0.5796875 0.640625 0.5734375 0.6421875 0.5734375 0.6625 0.5625 0.6625 0.5609375 0.6734375 0.55625 0.6734375 0.5546875 0.6625 0.54375 0.6625 0.54375 0.653125 0.5375 0.6515625 0.5375 0.6421875 0.53125 0.640625 0.53125 0.6328125 0.525 0.63125 0.525 0.621875 0.51875 0.6203125 0.51875 0.5796875 0.5125 0.578125 0.5125 0.5375 0.50625 0.5359375 0.50625 0.5265625 0.5 0.525 0.5 0.5171875 0.4953125 0.515625 0.4953125 0.475 0.5 0.4734375 0.5 0.465625
0 0.4328125 0.9265625 0.44375 0.9265625 0.4453125 0.9375 0.45625 0.9375 0.45625 0.946875 0.4625 0.9484375 0.4625 0.9578125 0.46875 0.959375 0.46875 0.9671875 0.475 0.96875 0.475 0.978125 0.48125 0.9796875 0.48125 0.9984375 0.4203125 0.9984375 0.4203125 0.959375 0.4265625 0.9578125 0.4265625 0.9375 0.4328125 0.9359375 0.4328125 0.928125
0 0.6 0.4328125 0.6046875 0.4328125 0.6046875 0.440625 0.6109375 0.4421875 0.6109375 0.4515625 0.6171875 0.453125 0.6171875 0.4625 0.628125 0.4640625 0.6296875 0.475 0.6359375 0.4734375 0.6359375 0.4640625 0.646875 0.4640625 0.646875 0.4734375 0.653125 0.475 0.6546875 0.484375 0.659375 0.484375 0.659375 0.5046875 0.665625 0.50625 0.665625 0.5890625 0.6359375 0.5890625 0.634375 0.5984375 0.6 0.5984375 0.6 0.590625 0.59375 0.5890625 0.59375 0.5484375 0.5875 0.546875 0.5875 0.5265625 0.58125 0.525 0.58125 0.50625 0.575 0.5046875 0.575 0.4953125 0.56875 0.49375 0.56875 0.484375 0.5625 0.4828125 0.5625 0.475 0.56875 0.4734375 0.56875 0.453125 0.5796875 0.453125 0.58125 0.4421875 0.5984375 0.4421875 0.6 0.434375
0 0.6921875 0.3375 0.734375 0.3375 0.734375 0.346875 0.746875 0.3484375 0.746875 0.3578125 0.7515625 0.359375 0.7515625 0.3671875 0.7578125 0.36875 0.7578125 0.378125 0.7640625 0.3796875 0.7640625 0.4734375 0.7578125 0.475 0.7578125 0.4828125 0.7515625 0.484375 0.7515625 0.49375 0.746875 0.4953125 0.746875 0.5046875 0.740625 0.50625 0.740625 0.525 0.7234375 0.525 0.721875 0.5359375 0.7171875 0.5359375 0.715625 0.525 0.6796875 0.525 0.6796875 0.5171875 0.6734375 0.515625 0.6734375 0.50625 0.6671875 0.5046875 0.6671875 0.484375 0.6609375 0.4828125 0.6609375 0.3796875 0.6671875 0.378125 0.6671875 0.36875 0.671875 0.36875 0.6734375 0.359375 0.6796875 0.3578125 0.6796875 0.3484375 0.6921875 0.346875 0.6921875 0.3390625
0 0.4703125 0.3265625 0.4875 0.3265625 0.4890625 0.3375 0.5109375 0.3375 0.5125 0.3484375 0.5484375 0.3484375 0.5484375 0.3578125 0.5546875 0.359375 0.55625 0.36875 0.5609375 0.36875 0.5609375 0.4203125 0.5546875 0.421875 0.5546875 0.43125 0.55 0.43125 0.5484375 0.440625 0.5421875 0.4421875 0.5421875 0.4515625 0.50625 0.4515625 0.5046875 0.4625 0.4703125 0.4625 0.4703125 0.453125 0.4640625 0.4515625 0.4640625 0.4421875 0.4578125 0.440625 0.4578125 0.4109375 0.4515625 0.409375 0.4515625 0.3796875 0.4578125 0.378125 0.4578125 0.359375 0.4640625 0.3578125 0.4640625 0.3375 0.4703125 0.3359375 0.4703125 0.328125
0 0.0125 0 0.128125 0 0.128125 0.009375 0.134375 0.0109375 0.134375 0.0203125 0.128125 0.021875 0.128125 0.03125 0.11875 0.03125 0.1171875 0.040625 0.10625 0.040625 0.1046875 0.0515625 0.0921875 0.053125 0.0921875 0.0625 0.0859375 0.0640625 0.0859375 0.0734375 0.08125 0.0734375 0.0796875 0.0828125 0.0734375 0.084375 0.0734375 0.1046875 0.0671875 0.10625 0.0671875 0.115625 0.05 0.115625 0.0484375 0.125 0.04375 0.125 0.0421875 0.115625 0.025 0.115625 0.025 0.10625 0.0125 0.1046875 0.0125 0.0953125 0.00625 0.09375 0.00625 0.0109375 0.0125 0.009375 0.0125 0.0015625
0 0.4953125 0.7796875 0.5359375 0.7796875 0.5375 0.790625 0.5484375 0.790625 0.5484375 0.7984375 0.5546875 0.8 0.5546875 0.809375 0.5609375 0.8109375 0.5609375 0.8203125 0.5671875 0.821875 0.5671875 0.8515625 0.5734375 0.853125 0.5734375 0.9046875 0.5625 0.9046875 0.5609375 0.915625 0.55 0.915625 0.5484375 0.925 0.5421875 0.9265625 0.5421875 0.9359375 0.5296875 0.9375 0.5296875 0.946875 0.5234375 0.9484375 0.5234375 0.9671875 0.5171875 0.96875 0.5171875 0.978125 0.50625 0.978125 0.5046875 0.9890625 0.4828125 0.9890625 0.4828125 0.9796875 0.4765625 0.978125 0.4765625 0.96875 0.4703125 0.9671875 0.4703125 0.959375 0.4640625 0.9578125 0.4640625 0.9484375 0.4578125 0.946875 0.4578125 0.9265625 0.4515625 0.925 0.4515625 0.8640625 0.4578125 0.8625 0.4578125 0.8421875 0.4625 0.8421875 0.4640625 0.8328125 0.4703125 0.83125 0.4703125 0.8109375 0.4765625 0.809375 0.4765625 0.8 0.4828125 0.7984375 0.4828125 0.790625 0.4953125 0.7890625 0.4953125 0.78125
0 0.8828125 0.6421875 0.90625 0.6421875 0.9078125 0.653125 0.91875 0.653125 0.91875 0.6625 0.925 0.6640625 0.925 0.69375 0.93125 0.6953125 0.93125 0.7359375 0.9375 0.7375 0.9375 0.83125 0.9140625 0.83125 0.9140625 0.821875 0.9078125 0.8203125 0.9078125 0.8109375 0.9015625 0.809375 0.9015625 0.8 0.8953125 0.7984375 0.89375 0.7890625 0.8890625 0.7890625 0.8890625 0.76875 0.8828125 0.7671875 0.88125 0.7578125 0.8765625 0.7578125 0.8765625 0.7375 0.871875 0.7359375 0.871875 0.6953125 0.8765625 0.69375 0.8765625 0.6640625 0.8828125 0.6625 0.8828125 0.64375
0 0.4265625 0.6421875 0.43125 0.6421875 0.4328125 0.653125 0.45 0.653125 0.45 0.6734375 0.45625 0.675 0.45625 0.69375 0.4625 0.6953125 0.4625 0.7046875 0.46875 0.70625 0.46875 0.715625 0.475 0.7171875 0.4765625 0.7265625 0.48125 0.7265625 0.48125 0.7890625 0.475 0.790625 0.475 0.809375 0.46875 0.8109375 0.46875 0.8203125 0.4625 0.821875 0.4625 0.83125 0.4578125 0.83125 0.45625 0.840625 0.45 0.8421875 0.45 0.8625 0.44375 0.8640625 0.44375 0.8828125 0.3953125 0.8828125 0.39375 0.8734375 0.3828125 0.8734375 0.3828125 0.8640625 0.3765625 0.8625 0.3765625 0.853125 0.371875 0.8515625 0.371875 0.8421875 0.365625 0.840625 0.365625 0.8109375 0.359375 0.809375 0.359375 0.7171875 0.365625 0.715625 0.365625 0.6953125 0.371875 0.69375 0.371875 0.684375 0.3765625 0.6828125 0.3765625 0.675 0.3875 0.675 0.3890625 0.6640625 0.4015625 0.6625 0.4015625 0.653125 0.425 0.653125 0.4265625 0.64375
0 0.7109375 0.5375 0.7515625 0.5375 0.7515625 0.546875 0.7578125 0.5484375 0.7578125 0.5578125 0.7640625 0.559375 0.765625 0.56875 0.7703125 0.56875 0.7703125 0.5890625 0.7765625 0.590625 0.7765625 0.6625 0.7703125 0.6640625 0.7703125 0.7046875 0.7640625 0.70625 0.7640625 0.715625 0.7578125 0.7171875 0.7578125 0.725 0.746875 0.7265625 0.746875 0.7359375 0.6984375 0.7359375 0.6984375 0.7171875 0.6921875 0.715625 0.6921875 0.6640625 0.6859375 0.6625 0.6859375 0.621875 0.6796875 0.6203125 0.6796875 0.6 0.6859375 0.5984375 0.6859375 0.56875 0.6921875 0.5671875 0.6921875 0.5484375 0.709375 0.5484375 0.7109375 0.5390625
0 0.0125 0 0.0796875 0 0.0796875 0.0203125 0.0859375 0.021875 0.0859375 0.0515625 0.0796875 0.053125 0.0796875 0.0734375 0.0734375 0.075 0.0734375 0.09375 0.0671875 0.0953125 0.0671875 0.1046875 0.0609375 0.10625 0.0609375 0.115625 0.025 0.115625 0.025 0.10625 0.0125 0.1046875 0.0125 0.0953125 0.00625 0.09375 0.00625 0.0109375 0.0125 0.009375 0.0125 0.0015625
0 0.6125 0.190625 0.646875 0.190625 0.6484375 0.2 0.659375 0.2 0.659375 0.209375 0.665625 0.2109375 0.665625 0.2203125 0.671875 0.221875 0.671875 0.23125 0.678125 0.2328125 0.678125 0.2515625 0.684375 0.253125 0.684375 0.3359375 0.678125 0.3375 0.678125 0.346875 0.671875 0.3484375 0.671875 0.3578125 0.6671875 0.3578125 0.665625 0.3671875 0.659375 0.36875 0.659375 0.3890625 0.625 0.3890625 0.6234375 0.3984375 0.6171875 0.4 0.6171875 0.409375 0.5875 0.409375 0.5875 0.4 0.58125 0.3984375 0.58125 0.390625 0.575 0.3890625 0.575 0.3796875 0.56875 0.378125 0.56875 0.3375 0.575 0.3359375 0.575 0.3171875 0.58125 0.315625 0.58125 0.2953125 0.5875 0.29375 0.5875 0.2421875 0.59375 0.240625 0.59375 0.2109375 0.6046875 0.2109375 0.60625 0.2 0.6125 0.1984375 0.6125 0.1921875