2 0.09259259259259259 0.12142857142857141 0.11111111111111112 0.15714285714285714 0.12962962962962962 0.17142857142857143 0.21296296296296294 0.17142857142857143 0.24074074074074076 0.14285714285714285 0.2685185185185185 0.1 0.25925925925925924 0.07142857142857142 0.21296296296296294 0.03571428571428571 0.18518518518518517 0.02857142857142857 0.14814814814814814 0.02857142857142857 0.12962962962962962 0.03571428571428571 0.12962962962962962 0.04285714285714286 0.10185185185185183 0.06428571428571428 0.09259259259259259 0.07857142857142857 0.09259259259259259 0.12142857142857141
2 0.25 0.2 0.25925925925925924 0.21428571428571427 0.2962962962962963 0.24285714285714283 0.37962962962962965 0.24285714285714283 0.39814814814814814 0.22857142857142856 0.4259259259259259 0.1857142857142857 0.4259259259259259 0.15 0.41666666666666663 0.1357142857142857 0.37037037037037035 0.10714285714285714 0.2962962962962963 0.10714285714285714 0.2777777777777778 0.11428571428571428 0.2777777777777778 0.12142857142857141 0.25925925925925924 0.1357142857142857 0.25 0.15 0.25 0.2
2 0.41666666666666663 0.11428571428571428 0.4351851851851851 0.12857142857142856 0.4537037037037037 0.15714285714285714 0.5462962962962963 0.16428571428571428 0.5740740740740741 0.15 0.6018518518518519 0.1 0.6018518518518519 0.08571428571428572 0.5740740740740741 0.05714285714285714 0.5740740740740741 0.05 0.537037037037037 0.03571428571428571 0.4722222222222222 0.03571428571428571 0.4259259259259259 0.06428571428571428 0.41666666666666663 0.08571428571428572 0.41666666666666663 0.11428571428571428
2 0.611111111111111 0.2214285714285714 0.6296296296296295 0.2357142857142857 0.7222222222222221 0.2357142857142857 0.7592592592592593 0.20714285714285713 0.7685185185185185 0.19285714285714284 0.7777777777777778 0.17142857142857143 0.7685185185185185 0.1357142857142857 0.7592592592592593 0.12142857142857141 0.7222222222222221 0.09285714285714285 0.7037037037037036 0.08571428571428572 0.6574074074074073 0.08571428571428572 0.6388888888888888 0.1 0.6296296296296295 0.1 0.5925925925925926 0.1357142857142857 0.5833333333333333 0.17857142857142855 0.611111111111111 0.2214285714285714
2 0.7592592592592593 0.07142857142857142 0.7592592592592593 0.10714285714285714 0.787037037037037 0.15 0.8055555555555556 0.15714285714285714 0.9259259259259259 0.15714285714285714 0.9259259259259259 0.15 0.9444444444444444 0.1357142857142857 0.9444444444444444 0.07142857142857142 0.9166666666666666 0.04285714285714286 0.8981481481481481 0.03571428571428571 0.8055555555555556 0.03571428571428571 0.7777777777777778 0.05 0.7777777777777778 0.05714285714285714 0.7592592592592593 0.07142857142857142
2 0.4259259259259259 0.2714285714285714 0.46296296296296297 0.3071428571428571 0.5555555555555556 0.3142857142857143 0.5833333333333333 0.2928571428571428 0.6018518518518519 0.2642857142857143 0.6018518518518519 0.22857142857142856 0.5833333333333333 0.2 0.5555555555555556 0.17857142857142855 0.537037037037037 0.17142857142857143 0.4722222222222222 0.17142857142857143 0.4259259259259259 0.20714285714285713 0.4259259259259259 0.2714285714285714
2 0.28703703703703703 0.39285714285714285 0.3055555555555555 0.4 0.3888888888888889 0.4 0.40740740740740733 0.36428571428571427 0.4351851851851851 0.3357142857142857 0.4259259259259259 0.3 0.39814814814814814 0.2785714285714286 0.39814814814814814 0.2714285714285714 0.32407407407407407 0.2571428571428571 0.2962962962962963 0.2642857142857143 0.25925925925925924 0.3 0.25 0.3357142857142857 0.28703703703703703 0.39285714285714285
2 0.08333333333333333 0.2714285714285714 0.11111111111111112 0.3142857142857143 0.18518518518518517 0.32857142857142857 0.19444444444444445 0.3214285714285714 0.22222222222222224 0.3214285714285714 0.24074074074074076 0.3071428571428571 0.25925925925925924 0.2785714285714286 0.25925925925925924 0.25 0.25 0.22857142857142856 0.21296296296296294 0.19285714285714284 0.19444444444444445 0.1857142857142857 0.18518518518518517 0.19285714285714284 0.12962962962962962 0.19285714285714284 0.09259259259259259 0.21428571428571427 0.08333333333333333 0.2357142857142857 0.08333333333333333 0.2714285714285714
2 0.611111111111111 0.35 0.6296296296296295 0.37857142857142856 0.6481481481481481 0.39285714285714285 0.7222222222222221 0.39285714285714285 0.7592592592592593 0.37857142857142856 0.7592592592592593 0.3714285714285714 0.787037037037037 0.34285714285714286 0.787037037037037 0.3071428571428571 0.7777777777777778 0.2857142857142857 0.7314814814814814 0.25 0.6574074074074073 0.25 0.6388888888888888 0.2571428571428571 0.611111111111111 0.2785714285714286 0.611111111111111 0.35
2 0.7777777777777778 0.40714285714285714 0.8055555555555556 0.42857142857142855 0.8055555555555556 0.4428571428571428 0.8333333333333333 0.46428571428571425 0.9259259259259259 0.46428571428571425 0.9444444444444444 0.45714285714285713 0.9722222222222221 0.41428571428571426 0.9722222222222221 0.37857142857142856 0.962962962962963 0.3571428571428571 0.9351851851851851 0.3357142857142857 0.9166666666666666 0.32857142857142857 0.8425925925925926 0.32857142857142857 0.8148148148148147 0.3357142857142857 0.7962962962962963 0.35 0.7777777777777778 0.37857142857142856 0.7777777777777778 0.40714285714285714
2 0.6296296296296295 0.5285714285714286 0.6481481481481481 0.5428571428571428 0.75 0.5428571428571428 0.787037037037037 0.5142857142857142 0.7962962962962963 0.5 0.7962962962962963 0.45 0.787037037037037 0.43571428571428567 0.75 0.40714285714285714 0.7222222222222221 0.4 0.6851851851851851 0.4 0.6574074074074073 0.40714285714285714 0.6388888888888888 0.41428571428571426 0.6296296296296295 0.43571428571428567 0.611111111111111 0.45 0.6018518518518519 0.4714285714285714 0.6296296296296295 0.5285714285714286
2 0.4259259259259259 0.5642857142857143 0.4444444444444445 0.6 0.46296296296296297 0.6142857142857142 0.49074074074074076 0.6214285714285713 0.5648148148148148 0.6214285714285713 0.5833333333333333 0.6142857142857142 0.6203703703703703 0.5571428571428572 0.6203703703703703 0.5428571428571428 0.6018518518518519 0.5071428571428571 0.5555555555555556 0.47857142857142854 0.5 0.47857142857142854 0.4444444444444445 0.5 0.4259259259259259 0.5285714285714286 0.4259259259259259 0.5642857142857143
2 0.4259259259259259 0.42857142857142855 0.4444444444444445 0.4428571428571428 0.4444444444444445 0.45 0.4814814814814815 0.4714285714285714 0.5185185185185185 0.46428571428571425 0.5277777777777778 0.4714285714285714 0.537037037037037 0.46428571428571425 0.5740740740740741 0.46428571428571425 0.6203703703703703 0.42142857142857143 0.6203703703703703 0.39285714285714285 0.611111111111111 0.3714285714285714 0.5833333333333333 0.34285714285714286 0.5462962962962963 0.32857142857142857 0.5 0.3214285714285714 0.4444444444444445 0.34285714285714286 0.4444444444444445 0.35 0.4259259259259259 0.36428571428571427 0.41666666666666663 0.3857142857142857 0.4259259259259259 0.42857142857142855
2 0.25 0.49285714285714277 0.2685185185185185 0.5285714285714286 0.28703703703703703 0.5428571428571428 0.3888888888888889 0.5428571428571428 0.40740740740740733 0.5285714285714286 0.4259259259259259 0.49285714285714277 0.4259259259259259 0.45714285714285713 0.39814814814814814 0.42857142857142855 0.39814814814814814 0.42142857142857143 0.37962962962962965 0.41428571428571426 0.31481481481481477 0.41428571428571426 0.28703703703703703 0.42142857142857143 0.2685185185185185 0.43571428571428567 0.25 0.46428571428571425 0.25 0.49285714285714277
2 0.08333333333333333 0.4428571428571428 0.11111111111111112 0.46428571428571425 0.14814814814814814 0.46428571428571425 0.15740740740740738 0.4714285714285714 0.18518518518518517 0.46428571428571425 0.19444444444444445 0.4714285714285714 0.21296296296296294 0.4714285714285714 0.24074074074074076 0.45 0.24074074074074076 0.4428571428571428 0.2685185185185185 0.41428571428571426 0.2685185185185185 0.39285714285714285 0.24074074074074076 0.35 0.21296296296296294 0.3357142857142857 0.1388888888888889 0.3357142857142857 0.10185185185185183 0.35 0.08333333333333333 0.36428571428571427 0.07407407407407407 0.42142857142857143 0.08333333333333333 0.4428571428571428
2 0.06481481481481481 0.5928571428571427 0.10185185185185183 0.6214285714285713 0.19444444444444445 0.6214285714285713 0.22222222222222224 0.6071428571428571 0.25925925925925924 0.5642857142857143 0.25925925925925924 0.5428571428571428 0.24074074074074076 0.5071428571428571 0.19444444444444445 0.47857142857142854 0.12962962962962962 0.47857142857142854 0.08333333333333333 0.5071428571428571 0.06481481481481481 0.5357142857142857 0.06481481481481481 0.5928571428571427
2 0.24074074074074076 0.6428571428571428 0.25 0.6642857142857143 0.28703703703703703 0.6928571428571428 0.3055555555555555 0.7 0.37962962962962965 0.7 0.41666666666666663 0.6714285714285714 0.4351851851851851 0.6428571428571428 0.4351851851851851 0.6214285714285713 0.41666666666666663 0.5857142857142856 0.37037037037037035 0.5571428571428572 0.2962962962962963 0.5571428571428572 0.2777777777777778 0.5714285714285714 0.2685185185185185 0.5714285714285714 0.24074074074074076 0.6142857142857142 0.24074074074074076 0.6428571428571428
2 0.4444444444444445 0.7571428571428571 0.4537037037037037 0.7642857142857142 0.49074074074074076 0.7785714285714286 0.5648148148148148 0.7785714285714286 0.611111111111111 0.75 0.6203703703703703 0.7285714285714285 0.6203703703703703 0.6928571428571428 0.6018518518518519 0.6571428571428571 0.5833333333333333 0.6428571428571428 0.5648148148148148 0.6357142857142857 0.4814814814814815 0.6357142857142857 0.46296296296296297 0.6428571428571428 0.4351851851851851 0.6714285714285714 0.4259259259259259 0.7142857142857142 0.4444444444444445 0.7571428571428571
2 0.611111111111111 0.65 0.6388888888888888 0.6785714285714286 0.6388888888888888 0.6857142857142857 0.6481481481481481 0.6857142857142857 0.6851851851851851 0.7071428571428571 0.7407407407407407 0.7071428571428571 0.7777777777777778 0.6857142857142857 0.8055555555555556 0.6428571428571428 0.8055555555555556 0.6071428571428571 0.7962962962962963 0.5928571428571427 0.7592592592592593 0.5642857142857143 0.7407407407407407 0.5571428571428572 0.6666666666666666 0.5571428571428572 0.6203703703703703 0.5857142857142856 0.611111111111111 0.6 0.611111111111111 0.65
2 0.8055555555555556 0.5857142857142856 0.8333333333333333 0.6071428571428571 0.861111111111111 0.6142857142857142 0.9351851851851851 0.6071428571428571 0.9722222222222221 0.5714285714285714 0.9722222222222221 0.55 0.9814814814814815 0.5428571428571428 0.9722222222222221 0.5357142857142857 0.9722222222222221 0.5142857142857142 0.962962962962963 0.5 0.9259259259259259 0.47857142857142854 0.8333333333333333 0.47857142857142854 0.8148148148148147 0.48571428571428565 0.7962962962962963 0.5142857142857142 0.787037037037037 0.5571428571428572 0.8055555555555556 0.5857142857142856
2 0.7962962962962963 0.7285714285714285 0.8055555555555556 0.7428571428571428 0.8425925925925926 0.7714285714285714 0.861111111111111 0.7785714285714286 0.9259259259259259 0.7785714285714286 0.962962962962963 0.7642857142857142 0.962962962962963 0.7571428571428571 0.9907407407407407 0.7285714285714285 0.9907407407407407 0.6642857142857143 0.9537037037037036 0.6357142857142857 0.9537037037037036 0.6285714285714286 0.9351851851851851 0.6214285714285713 0.861111111111111 0.6214285714285713 0.8518518518518517 0.6285714285714286 0.8240740740740741 0.6285714285714286 0.8055555555555556 0.6571428571428571 0.7962962962962963 0.6785714285714286 0.7962962962962963 0.7285714285714285
2 0.8148148148148147 0.9071428571428571 0.8703703703703702 0.9357142857142856 0.8981481481481481 0.9428571428571428 0.9166666666666666 0.9357142857142856 0.9444444444444444 0.9357142857142856 0.9814814814814815 0.9214285714285714 0.9907407407407407 0.9071428571428571 0.9907407407407407 0.8357142857142856 0.9814814814814815 0.8142857142857143 0.9537037037037036 0.7928571428571428 0.861111111111111 0.7928571428571428 0.8333333333333333 0.8071428571428572 0.8055555555555556 0.85 0.7962962962962963 0.8714285714285713 0.8148148148148147 0.9071428571428571
2 0.6296296296296295 0.8071428571428572 0.6388888888888888 0.8142857142857143 0.6388888888888888 0.8357142857142856 0.6481481481481481 0.85 0.6759259259259258 0.8714285714285713 0.7037037037037036 0.8714285714285713 0.7129629629629629 0.8785714285714284 0.7314814814814814 0.8785714285714284 0.7777777777777778 0.8642857142857142 0.7962962962962963 0.85 0.8148148148148147 0.8142857142857143 0.8148148148148147 0.7714285714285714 0.8055555555555556 0.7571428571428571 0.7685185185185185 0.7285714285714285 0.75 0.7214285714285713 0.6851851851851851 0.7214285714285713 0.6574074074074073 0.7285714285714285 0.6388888888888888 0.7428571428571428 0.6296296296296295 0.7571428571428571 0.6296296296296295 0.8071428571428572
2 0.4444444444444445 0.9285714285714285 0.4814814814814815 0.95 0.5740740740740741 0.95 0.5925925925925926 0.9428571428571428 0.6296296296296295 0.9142857142857143 0.6388888888888888 0.8928571428571429 0.6388888888888888 0.8571428571428571 0.6296296296296295 0.8357142857142856 0.5833333333333333 0.7928571428571428 0.49074074074074076 0.7928571428571428 0.4444444444444445 0.8214285714285714 0.4351851851851851 0.8428571428571429 0.4259259259259259 0.8928571428571429 0.4444444444444445 0.9285714285714285
2 0.25925925925925924 0.8071428571428572 0.2777777777777778 0.8428571428571429 0.32407407407407407 0.8714285714285713 0.37037037037037035 0.8714285714285713 0.3888888888888889 0.8642857142857142 0.4351851851851851 0.8214285714285714 0.4351851851851851 0.7642857142857142 0.41666666666666663 0.75 0.40740740740740733 0.7285714285714285 0.39814814814814814 0.7285714285714285 0.37962962962962965 0.7142857142857142 0.3333333333333333 0.7142857142857142 0.3055555555555555 0.7214285714285713 0.2685185185185185 0.75 0.25925925925925924 0.7714285714285714 0.25925925925925924 0.8071428571428572
2 0.05555555555555556 0.7 0.06481481481481481 0.7071428571428571 0.06481481481481481 0.7571428571428571 0.07407407407407407 0.7714285714285714 0.11111111111111112 0.7857142857142857 0.20370370370370366 0.7857142857142857 0.22222222222222224 0.7785714285714286 0.24074074074074076 0.7642857142857142 0.25925925925925924 0.7285714285714285 0.25925925925925924 0.7071428571428571 0.22222222222222224 0.6428571428571428 0.21296296296296294 0.6357142857142857 0.11111111111111112 0.6357142857142857 0.07407407407407407 0.65 0.05555555555555556 0.6857142857142857 0.05555555555555556 0.7
2 0.07407407407407407 0.9142857142857143 0.11111111111111112 0.9428571428571428 0.12962962962962962 0.95 0.1759259259259259 0.95 0.18518518518518517 0.9428571428571428 0.21296296296296294 0.9428571428571428 0.23148148148148148 0.9357142857142856 0.2685185185185185 0.9 0.2685185185185185 0.8571428571428571 0.22222222222222224 0.8 0.1388888888888889 0.8 0.10185185185185183 0.8142857142857143 0.10185185185185183 0.8214285714285714 0.07407407407407407 0.8428571428571429 0.06481481481481481 0.9 0.07407407407407407 0.9142857142857143