2 0.2777777777777778 0.37362637362637363 0.2839506172839506 0.39560439560439564 0.2839506172839506 0.4615384615384615 0.29012345679012347 0.4945054945054945 0.3333333333333333 0.5604395604395604 0.37037037037037035 0.5824175824175823 0.3950617283950617 0.5494505494505495 0.4567901234567901 0.5054945054945055 0.47530864197530864 0.4725274725274725 0.4814814814814815 0.4175824175824176 0.48765432098765427 0.4065934065934066 0.48765432098765427 0.34065934065934067 0.4691358024691358 0.2967032967032967 0.46296296296296297 0.26373626373626374 0.43209876543209874 0.2197802197802198 0.4012345679012346 0.2087912087912088 0.3950617283950617 0.19780219780219782 0.345679012345679 0.2087912087912088 0.3024691358024691 0.25274725274725274 0.29012345679012347 0.2857142857142857 0.29012345679012347 0.32967032967032966 0.2777777777777778 0.37362637362637363
2 0.16666666666666666 0.34065934065934067 0.16666666666666666 0.3626373626373626 0.1728395061728395 0.37362637362637363 0.1728395061728395 0.4065934065934066 0.19135802469135801 0.45054945054945056 0.19753086419753085 0.48351648351648346 0.20370370370370366 0.48351648351648346 0.21604938271604937 0.5054945054945055 0.25925925925925924 0.5054945054945055 0.2777777777777778 0.4945054945054945 0.2777777777777778 0.42857142857142855 0.2716049382716049 0.4175824175824176 0.31481481481481477 0.2087912087912088 0.2839506172839506 0.1758241758241758 0.2345679012345679 0.1758241758241758 0.20370370370370366 0.19780219780219782 0.1728395061728395 0.27472527472527475 0.1728395061728395 0.32967032967032966 0.16666666666666666 0.34065934065934067
2 0.3271604938271605 0.19780219780219782 0.4012345679012346 0.18681318681318682 0.40740740740740733 0.19780219780219782 0.4444444444444445 0.2087912087912088 0.46296296296296297 0.16483516483516483 0.46296296296296297 0.13186813186813187 0.41975308641975306 0.07692307692307691 0.3888888888888889 0.07692307692307691 0.35802469135802467 0.09890109890109891 0.3271604938271605 0.15384615384615383 0.3271604938271605 0.19780219780219782
2 0.48765432098765427 0.2967032967032967 0.48765432098765427 0.31868131868131866 0.49382716049382713 0.32967032967032966 0.5 0.32967032967032966 0.537037037037037 0.26373626373626374 0.5740740740740741 0.24175824175824173 0.5802469135802469 0.23076923076923075 0.6172839506172839 0.23076923076923075 0.6172839506172839 0.2087912087912088 0.6049382716049382 0.18681318681318682 0.6049382716049382 0.1758241758241758 0.5802469135802469 0.14285714285714285 0.5617283950617284 0.13186813186813187 0.5061728395061728 0.13186813186813187 0.48765432098765427 0.14285714285714285 0.46296296296296297 0.18681318681318682 0.4567901234567901 0.23076923076923075 0.48765432098765427 0.2967032967032967
2 0.46296296296296297 0.1098901098901099 0.47530864197530864 0.14285714285714285 0.5740740740740741 0.12087912087912087 0.5864197530864197 0.09890109890109891 0.5987654320987654 0.05494505494505495 0.5987654320987654 0.04395604395604395 0.5740740740740741 0.010989010989010988 0.5123456790123456 0.010989010989010988 0.48765432098765427 0.03296703296703297 0.46296296296296297 0.07692307692307691 0.46296296296296297 0.1098901098901099
2 0.5925925925925926 0.13186813186813187 0.5987654320987654 0.15384615384615383 0.611111111111111 0.16483516483516483 0.611111111111111 0.1758241758241758 0.6358024691358024 0.2197802197802198 0.6419753086419753 0.19780219780219782 0.7407407407407407 0.1098901098901099 0.7407407407407407 0.07692307692307691 0.7345679012345678 0.05494505494505495 0.7098765432098765 0.021978021978021976 0.6604938271604939 0.021978021978021976 0.611111111111111 0.05494505494505495 0.5925925925925926 0.0879120879120879 0.5864197530864197 0.13186813186813187 0.5925925925925926 0.13186813186813187
2 0.691358024691358 0.30769230769230765 0.7037037037037036 0.3516483516483516 0.7037037037037036 0.38461538461538464 0.7098765432098765 0.39560439560439564 0.7098765432098765 0.42857142857142855 0.7160493827160493 0.4395604395604396 0.728395061728395 0.45054945054945056 0.7592592592592593 0.45054945054945056 0.8209876543209876 0.38461538461538464 0.8333333333333333 0.34065934065934067 0.8333333333333333 0.2197802197802198 0.8271604938271604 0.19780219780219782 0.7962962962962963 0.14285714285714285 0.7716049382716049 0.12087912087912087 0.7160493827160493 0.12087912087912087 0.6851851851851851 0.14285714285714285 0.6481481481481481 0.19780219780219782 0.6419753086419753 0.23076923076923075 0.691358024691358 0.30769230769230765
2 0.5 0.48351648351648346 0.5123456790123456 0.5164835164835165 0.5185185185185185 0.5164835164835165 0.537037037037037 0.5494505494505495 0.5555555555555556 0.5604395604395604 0.5864197530864197 0.6043956043956044 0.6234567901234567 0.6043956043956044 0.6790123456790124 0.5384615384615384 0.6975308641975309 0.4725274725274725 0.6975308641975309 0.38461538461538464 0.6851851851851851 0.31868131868131866 0.6604938271604939 0.27472527472527475 0.6172839506172839 0.24175824175824173 0.5802469135802469 0.24175824175824173 0.5493827160493827 0.26373626373626374 0.5061728395061728 0.32967032967032966 0.5 0.3516483516483516 0.5 0.48351648351648346
2 0.6172839506172839 0.6813186813186813 0.6172839506172839 0.7802197802197802 0.6234567901234567 0.7912087912087913 0.6234567901234567 0.8351648351648352 0.6358024691358024 0.868131868131868 0.6851851851851851 0.9120879120879121 0.728395061728395 0.923076923076923 0.7777777777777778 0.8901098901098902 0.8148148148148147 0.8131868131868132 0.8271604938271604 0.7692307692307693 0.8271604938271604 0.7142857142857142 0.8086419753086419 0.6263736263736264 0.7777777777777778 0.5714285714285714 0.7469135802469136 0.5494505494505495 0.6975308641975309 0.5494505494505495 0.6419753086419753 0.6043956043956044 0.6172839506172839 0.6483516483516484 0.611111111111111 0.6703296703296704 0.6172839506172839 0.6813186813186813
2 0.7654320987654321 0.5384615384615384 0.7839506172839505 0.5604395604395604 0.8209876543209876 0.6373626373626373 0.8333333333333333 0.6923076923076923 0.8333333333333333 0.7472527472527473 0.8395061728395061 0.7582417582417582 0.9074074074074074 0.7582417582417582 0.9382716049382716 0.7362637362637362 0.9753086419753085 0.6703296703296704 0.9876543209876543 0.6263736263736264 0.9876543209876543 0.4945054945054945 0.9506172839506173 0.4065934065934066 0.9074074074074074 0.37362637362637363 0.8395061728395061 0.37362637362637363 0.7777777777777778 0.4615384615384615 0.7654320987654321 0.4945054945054945 0.7654320987654321 0.5384615384615384
2 0.16666666666666666 0.6813186813186813 0.16666666666666666 0.7472527472527473 0.1728395061728395 0.7582417582417582 0.1728395061728395 0.7912087912087913 0.21604938271604937 0.868131868131868 0.24074074074074076 0.8901098901098902 0.26543209876543206 0.8901098901098902 0.2716049382716049 0.8791208791208792 0.30864197530864196 0.8791208791208792 0.3333333333333333 0.8461538461538461 0.345679012345679 0.6153846153846153 0.3024691358024691 0.5384615384615384 0.2839506172839506 0.5164835164835165 0.2345679012345679 0.5274725274725275 0.20987654320987653 0.5494505494505495 0.19135802469135801 0.5824175824175823 0.1728395061728395 0.6373626373626373 0.1728395061728395 0.6703296703296704 0.16666666666666666 0.6813186813186813
2 0.006172839506172839 0.6703296703296704 0.018518518518518517 0.7252747252747253 0.05555555555555556 0.7802197802197802 0.07407407407407407 0.7912087912087913 0.14814814814814814 0.7912087912087913 0.16049382716049382 0.7692307692307693 0.20370370370370366 0.5494505494505495 0.20370370370370366 0.5164835164835165 0.1728395061728395 0.4395604395604396 0.16049382716049382 0.42857142857142855 0.1419753086419753 0.42857142857142855 0.13580246913580246 0.4175824175824176 0.08641975308641975 0.42857142857142855 0.043209876543209874 0.4615384615384615 0.012345679012345678 0.5274725274725275 0.006172839506172839 0.5604395604395604 0.006172839506172839 0.6703296703296704
2 0.345679012345679 0.8461538461538461 0.3950617283950617 0.945054945054945 0.4259259259259259 0.9670329670329669 0.49382716049382713 0.9780219780219779 0.5 0.9670329670329669 0.5308641975308641 0.9670329670329669 0.5555555555555556 0.945054945054945 0.5925925925925926 0.8571428571428571 0.611111111111111 0.7802197802197802 0.6049382716049382 0.6923076923076923 0.5740740740740741 0.6153846153846153 0.5061728395061728 0.5384615384615384 0.43209876543209874 0.5384615384615384 0.3950617283950617 0.5714285714285714 0.3641975308641975 0.6263736263736264 0.345679012345679 0.6923076923076923 0.3395061728395062 0.7252747252747253 0.345679012345679 0.8461538461538461