1 0.2359375 0.0953125 0.240625 0.0953125 0.240625 0.103125 0.246875 0.1046875 0.246875 0.1109375 0.240625 0.1125 0.240625 0.1203125 0.234375 0.121875 0.234375 0.128125 0.240625 0.1296875 0.240625 0.1453125 0.246875 0.146875 0.246875 0.1796875 0.2515625 0.18125 0.2515625 0.196875 0.2578125 0.1984375 0.259375 0.2078125 0.2640625 0.2078125 0.2640625 0.2234375 0.2703125 0.225 0.271875 0.2328125 0.2765625 0.2328125 0.2765625 0.2484375 0.2890625 0.25 0.2890625 0.2578125 0.2953125 0.259375 0.2953125 0.2671875 0.3015625 0.26875 0.303125 0.2765625 0.3078125 0.2765625 0.3078125 0.284375 0.3140625 0.2859375 0.315625 0.29375 0.3203125 0.29375 0.3203125 0.3015625 0.3265625 0.303125 0.3265625 0.309375 0.3390625 0.3109375 0.3390625 0.31875 0.3453125 0.3203125 0.3453125 0.353125 0.340625 0.353125 0.3390625 0.3609375 0.3328125 0.3625 0.3328125 0.3703125 0.290625 0.3703125 0.290625 0.3625 0.278125 0.3609375 0.278125 0.3546875 0.271875 0.353125 0.271875 0.3453125 0.265625 0.34375 0.2640625 0.3359375 0.259375 0.3359375 0.2578125 0.3265625 0.2421875 0.3265625 0.240625 0.31875 0.2296875 0.31875 0.228125 0.309375 0.2171875 0.309375 0.215625 0.3015625 0.2046875 0.3015625 0.2046875 0.29375 0.1984375 0.2921875 0.1984375 0.190625 0.203125 0.190625 0.2046875 0.18125 0.2109375 0.1796875 0.2109375 0.15625 0.2171875 0.1546875 0.2171875 0.1390625 0.2234375 0.1375 0.2234375 0.121875 0.2296875 0.1203125 0.2296875 0.1046875 0.2359375 0.103125 0.2359375 0.096875
1 0.7234375 0.6125 0.734375 0.6125 0.734375 0.6203125 0.740625 0.621875 0.740625 0.6375 0.746875 0.6390625 0.7484375 0.646875 0.7640625 0.646875 0.7640625 0.6625 0.7703125 0.6640625 0.7703125 0.6890625 0.7765625 0.690625 0.7765625 0.7671875 0.7703125 0.76875 0.7703125 0.81875 0.7640625 0.8203125 0.7640625 0.84375 0.7578125 0.8453125 0.7578125 0.8609375 0.7515625 0.8625 0.7515625 0.8703125 0.746875 0.871875 0.746875 0.878125 0.7171875 0.878125 0.7171875 0.871875 0.7109375 0.8703125 0.7109375 0.8203125 0.7046875 0.81875 0.7046875 0.6734375 0.6984375 0.671875 0.6984375 0.6640625 0.7046875 0.6625 0.7046875 0.646875 0.7109375 0.6453125 0.7109375 0.621875 0.721875 0.621875 0.7234375 0.6140625
1 0.7234375 0.1296875 0.728125 0.1296875 0.728125 0.1375 0.734375 0.1390625 0.7359375 0.146875 0.740625 0.146875 0.740625 0.1625 0.746875 0.1640625 0.746875 0.1796875 0.7578125 0.18125 0.7578125 0.20625 0.7640625 0.2078125 0.7640625 0.2921875 0.7578125 0.29375 0.7578125 0.31875 0.7515625 0.3203125 0.7515625 0.353125 0.746875 0.3546875 0.746875 0.3703125 0.740625 0.371875 0.740625 0.3875 0.7359375 0.3875 0.734375 0.3953125 0.728125 0.396875 0.728125 0.4125 0.721875 0.4140625 0.721875 0.421875 0.7109375 0.421875 0.709375 0.4296875 0.696875 0.43125 0.696875 0.4390625 0.6859375 0.4390625 0.6859375 0.43125 0.6796875 0.4296875 0.6796875 0.4234375 0.6734375 0.421875 0.6734375 0.4140625 0.6671875 0.4125 0.6671875 0.3890625 0.6734375 0.3875 0.6734375 0.3625 0.6796875 0.3609375 0.6796875 0.3375 0.6859375 0.3359375 0.6859375 0.328125 0.6796875 0.3265625 0.6796875 0.3203125 0.6859375 0.31875 0.6859375 0.26875 0.6921875 0.2671875 0.6921875 0.25 0.6859375 0.2484375 0.6859375 0.190625 0.6921875 0.1890625 0.6921875 0.1734375 0.6984375 0.171875 0.6984375 0.15625 0.7046875 0.1546875 0.7046875 0.146875 0.7109375 0.1453125 0.7109375 0.1390625 0.721875 0.1390625 0.7234375 0.13125
1 0.2046875 0.190625 0.215625 0.190625 0.215625 0.2140625 0.228125 0.215625 0.228125 0.2578125 0.234375 0.259375 0.234375 0.2671875 0.240625 0.26875 0.2421875 0.2765625 0.246875 0.2765625 0.246875 0.284375 0.240625 0.2859375 0.240625 0.2921875 0.2515625 0.29375 0.2515625 0.309375 0.2578125 0.3109375 0.2578125 0.3265625 0.2640625 0.328125 0.265625 0.3375 0.2703125 0.3375 0.2703125 0.353125 0.2828125 0.3546875 0.2828125 0.3609375 0.2890625 0.3625 0.2890625 0.3703125 0.3015625 0.371875 0.303125 0.3796875 0.3203125 0.3796875 0.3203125 0.3953125 0.3265625 0.396875 0.3265625 0.4125 0.3203125 0.4140625 0.3203125 0.421875 0.3328125 0.4234375 0.3328125 0.446875 0.328125 0.446875 0.3265625 0.45625 0.321875 0.45625 0.3203125 0.446875 0.303125 0.446875 0.3015625 0.4390625 0.290625 0.4390625 0.2890625 0.4296875 0.271875 0.4296875 0.271875 0.4234375 0.265625 0.421875 0.265625 0.4140625 0.253125 0.4125 0.253125 0.40625 0.2484375 0.4046875 0.2484375 0.396875 0.2421875 0.3953125 0.2421875 0.3890625 0.2359375 0.3875 0.2359375 0.3796875 0.2296875 0.378125 0.228125 0.3703125 0.2234375 0.3703125 0.2234375 0.3546875 0.2171875 0.353125 0.215625 0.34375 0.2109375 0.34375 0.2109375 0.328125 0.2046875 0.3265625 0.2046875 0.3109375 0.1984375 0.309375 0.1984375 0.2765625 0.1921875 0.275 0.1921875 0.2421875 0.1984375 0.240625 0.1984375 0.1984375 0.203125 0.1984375 0.2046875 0.1921875
1 0.3765625 0.5 0.39375 0.5 0.39375 0.5078125 0.4 0.509375 0.4 0.5171875 0.40625 0.51875 0.40625 0.525 0.41875 0.5265625 0.41875 0.534375 0.425 0.5359375 0.4265625 0.54375 0.43125 0.54375 0.43125 0.559375 0.4375 0.5609375 0.4390625 0.5703125 0.44375 0.5703125 0.44375 0.59375 0.45 0.5953125 0.45 0.603125 0.4453125 0.603125 0.44375 0.6109375 0.4390625 0.6109375 0.4390625 0.6046875 0.4328125 0.603125 0.4328125 0.5953125 0.4265625 0.59375 0.425 0.5859375 0.4203125 0.5859375 0.41875 0.5765625 0.3890625 0.5765625 0.3890625 0.5609375 0.3765625 0.559375 0.3765625 0.553125 0.371875 0.5515625 0.371875 0.5359375 0.365625 0.534375 0.365625 0.5265625 0.371875 0.525 0.371875 0.509375 0.3765625 0.5078125 0.3765625 0.5015625
1 0.6421875 0.1296875 0.665625 0.1296875 0.665625 0.1546875 0.671875 0.15625 0.6734375 0.1640625 0.678125 0.1640625 0.678125 0.1796875 0.684375 0.18125 0.684375 0.1890625 0.678125 0.190625 0.678125 0.196875 0.684375 0.1984375 0.684375 0.2921875 0.678125 0.29375 0.678125 0.34375 0.671875 0.3453125 0.671875 0.378125 0.665625 0.3796875 0.665625 0.4046875 0.6609375 0.4046875 0.659375 0.4125 0.653125 0.4140625 0.653125 0.421875 0.6125 0.421875 0.6125 0.4140625 0.60625 0.4125 0.60625 0.3375 0.6125 0.3359375 0.6125 0.2765625 0.61875 0.275 0.61875 0.2328125 0.625 0.23125 0.625 0.1640625 0.6296875 0.1625 0.6296875 0.146875 0.6359375 0.1453125 0.6359375 0.1390625 0.6421875 0.1375 0.6421875 0.13125
1 0.271875 0.009375 0.2765625 0.009375 0.2765625 0.0171875 0.2828125 0.01875 0.284375 0.0265625 0.2890625 0.0265625 0.2890625 0.034375 0.2953125 0.0359375 0.2953125 0.059375 0.3015625 0.0609375 0.3015625 0.06875 0.3078125 0.0703125 0.309375 0.078125 0.3140625 0.078125 0.3140625 0.103125 0.3203125 0.1046875 0.321875 0.1125 0.3265625 0.1125 0.3265625 0.128125 0.3328125 0.1296875 0.334375 0.1390625 0.3390625 0.1390625 0.3390625 0.1546875 0.3453125 0.15625 0.3453125 0.196875 0.3515625 0.1984375 0.3515625 0.2140625 0.3578125 0.215625 0.3578125 0.23125 0.3640625 0.2328125 0.3640625 0.2484375 0.3703125 0.25 0.3703125 0.2578125 0.375 0.259375 0.375 0.2921875 0.3703125 0.29375 0.3703125 0.3015625 0.346875 0.3015625 0.3453125 0.309375 0.340625 0.309375 0.3390625 0.3015625 0.328125 0.3015625 0.328125 0.29375 0.321875 0.2921875 0.3203125 0.284375 0.309375 0.284375 0.309375 0.2765625 0.303125 0.275 0.303125 0.26875 0.296875 0.2671875 0.296875 0.259375 0.290625 0.2578125 0.290625 0.25 0.284375 0.2484375 0.284375 0.2421875 0.278125 0.240625 0.278125 0.2328125 0.271875 0.23125 0.271875 0.215625 0.265625 0.2140625 0.2640625 0.20625 0.259375 0.20625 0.259375 0.190625 0.253125 0.1890625 0.253125 0.1734375 0.2484375 0.171875 0.2484375 0.146875 0.2421875 0.1453125 0.2421875 0.1296875 0.2359375 0.128125 0.2359375 0.1125 0.2421875 0.1109375 0.2421875 0.0703125 0.2484375 0.06875 0.2484375 0.053125 0.253125 0.0515625 0.253125 0.0359375 0.259375 0.034375 0.259375 0.0265625 0.265625 0.025 0.265625 0.01875 0.271875 0.0171875 0.271875 0.0109375
1 0.4640625 0.43125 0.4875 0.43125 0.4875 0.4390625 0.49375 0.440625 0.49375 0.446875 0.4984375 0.4484375 0.4984375 0.4640625 0.5046875 0.465625 0.5046875 0.5078125 0.4984375 0.509375 0.4984375 0.525 0.4828125 0.525 0.48125 0.5171875 0.4703125 0.5171875 0.4703125 0.5 0.4640625 0.4984375 0.4625 0.490625 0.4515625 0.490625 0.4515625 0.465625 0.4578125 0.4640625 0.4578125 0.4484375 0.4640625 0.446875 0.4640625 0.4328125
1 0.821875 0.646875 0.8390625 0.646875 0.8390625 0.6625 0.8453125 0.6640625 0.8453125 0.671875 0.8515625 0.6734375 0.853125 0.68125 0.8578125 0.68125 0.8578125 0.740625 0.8515625 0.7421875 0.8515625 0.775 0.8453125 0.7765625 0.8453125 0.7921875 0.8390625 0.79375 0.8390625 0.809375 0.8328125 0.8109375 0.8328125 0.81875 0.828125 0.81875 0.8265625 0.8265625 0.8203125 0.828125 0.8203125 0.8359375 0.809375 0.8359375 0.809375 0.8109375 0.815625 0.809375 0.815625 0.7765625 0.821875 0.775 0.821875 0.6484375
1 0.53125 0.440625 0.5421875 0.440625 0.5421875 0.446875 0.5484375 0.4484375 0.5484375 0.4640625 0.5546875 0.465625 0.5546875 0.48125 0.5609375 0.4828125 0.5609375 0.5078125 0.5671875 0.509375 0.5671875 0.525 0.5734375 0.5265625 0.5734375 0.5515625 0.5796875 0.553125 0.5796875 0.5765625 0.5859375 0.578125 0.5859375 0.696875 0.5796875 0.6984375 0.5796875 0.73125 0.5734375 0.7328125 0.5734375 0.740625 0.56875 0.740625 0.56875 0.7328125 0.5625 0.73125 0.5625 0.7078125 0.55625 0.70625 0.55625 0.690625 0.55 0.6890625 0.55 0.6640625 0.54375 0.6625 0.54375 0.6390625 0.5375 0.6375 0.5375 0.621875 0.53125 0.6203125 0.53125 0.6046875 0.525 0.603125 0.5234375 0.59375 0.51875 0.59375 0.51875 0.5703125 0.5125 0.56875 0.5125 0.553125 0.50625 0.5515625 0.5046875 0.5421875 0.5 0.5421875 0.5 0.51875 0.50625 0.5171875 0.50625 0.475 0.5125 0.4734375 0.5125 0.4578125 0.51875 0.45625 0.51875 0.4484375 0.5296875 0.4484375 0.53125 0.4421875
1 0.6546875 0.5953125 0.671875 0.5953125 0.671875 0.603125 0.678125 0.6046875 0.6796875 0.6125 0.684375 0.6125 0.684375 0.6453125 0.690625 0.646875 0.690625 0.6625 0.696875 0.6640625 0.696875 0.6796875 0.703125 0.68125 0.703125 0.696875 0.696875 0.6984375 0.696875 0.7484375 0.703125 0.75 0.703125 0.7671875 0.696875 0.76875 0.696875 0.775 0.703125 0.7765625 0.703125 0.784375 0.696875 0.7859375 0.696875 0.81875 0.703125 0.8203125 0.703125 0.8703125 0.696875 0.871875 0.696875 0.878125 0.6859375 0.878125 0.684375 0.8875 0.6796875 0.8875 0.678125 0.878125 0.6671875 0.878125 0.665625 0.8875 0.6609375 0.8875 0.6609375 0.8796875 0.6546875 0.878125 0.653125 0.8703125 0.6484375 0.8703125 0.6484375 0.8546875 0.6421875 0.853125 0.6421875 0.8375 0.6359375 0.8359375 0.6359375 0.8203125 0.6296875 0.81875 0.6296875 0.8109375 0.625 0.809375 0.625 0.803125 0.61875 0.8015625 0.61875 0.7765625 0.625 0.775 0.625 0.759375 0.6296875 0.7578125 0.6296875 0.6734375 0.6359375 0.671875 0.6359375 0.6390625 0.6421875 0.6375 0.6421875 0.6125 0.6484375 0.6109375 0.6484375 0.6046875 0.6546875 0.603125 0.6546875 0.596875
1 0.321875 0.6390625 0.3390625 0.6390625 0.340625 0.646875 0.3515625 0.646875 0.3515625 0.6546875 0.3578125 0.65625 0.3578125 0.6625 0.3515625 0.6640625 0.3515625 0.671875 0.334375 0.671875 0.3328125 0.6734375 0.3328125 0.696875 0.3390625 0.6984375 0.3390625 0.7140625 0.3515625 0.715625 0.3515625 0.7578125 0.3578125 0.759375 0.3578125 0.775 0.3640625 0.7765625 0.365625 0.7859375 0.3703125 0.7859375 0.3703125 0.8015625 0.375 0.803125 0.3765625 0.8109375 0.38125 0.8109375 0.38125 0.81875 0.3875 0.8203125 0.3890625 0.828125 0.4 0.828125 0.4 0.8359375 0.40625 0.8375 0.40625 0.853125 0.4125 0.8546875 0.4125 0.8609375 0.40625 0.8625 0.40625 0.8703125 0.3953125 0.8703125 0.39375 0.878125 0.3890625 0.878125 0.3875 0.8703125 0.3765625 0.8703125 0.3765625 0.8625 0.371875 0.8609375 0.3703125 0.853125 0.365625 0.853125 0.365625 0.8453125 0.353125 0.84375 0.353125 0.8375 0.346875 0.8359375 0.346875 0.8203125 0.340625 0.81875 0.340625 0.8109375 0.334375 0.809375 0.3328125 0.8015625 0.328125 0.8015625 0.328125 0.7859375 0.321875 0.784375 0.321875 0.759375 0.315625 0.7578125 0.315625 0.6734375 0.309375 0.671875 0.309375 0.6640625 0.315625 0.6625 0.315625 0.646875 0.3203125 0.646875 0.321875 0.640625
1 0.3953125 0.578125 0.41875 0.578125 0.41875 0.5859375 0.425 0.5875 0.425 0.59375 0.43125 0.5953125 0.43125 0.603125 0.4375 0.6046875 0.4375 0.6203125 0.44375 0.621875 0.44375 0.628125 0.45 0.6296875 0.45 0.6375 0.45625 0.6390625 0.45625 0.6625 0.4625 0.6640625 0.4625 0.6890625 0.46875 0.690625 0.4703125 0.6984375 0.475 0.6984375 0.475 0.7140625 0.48125 0.715625 0.4828125 0.725 0.4875 0.725 0.4875 0.740625 0.49375 0.7421875 0.49375 0.7671875 0.4984375 0.76875 0.4984375 0.81875 0.49375 0.8203125 0.49375 0.8265625 0.4515625 0.8265625 0.4515625 0.8203125 0.4453125 0.81875 0.4453125 0.8109375 0.4390625 0.809375 0.4375 0.8015625 0.4328125 0.8015625 0.4328125 0.7859375 0.4265625 0.784375 0.4265625 0.7765625 0.4203125 0.775 0.41875 0.7671875 0.4140625 0.7671875 0.4140625 0.75 0.4078125 0.7484375 0.4078125 0.7328125 0.4015625 0.73125 0.4015625 0.715625 0.3953125 0.7140625 0.3953125 0.6984375 0.3890625 0.696875 0.3890625 0.68125 0.3828125 0.6796875 0.3828125 0.6640625 0.3765625 0.6625 0.3765625 0.6390625 0.3828125 0.6375 0.3828125 0.5953125 0.3890625 0.59375 0.3890625 0.5875 0.3953125 0.5859375 0.3953125 0.5796875
1 0.55625 0.121875 0.5609375 0.121875 0.5625 0.1296875 0.5734375 0.1296875 0.5734375 0.1546875 0.5671875 0.15625 0.5671875 0.1796875 0.5734375 0.18125 0.5734375 0.2140625 0.5796875 0.215625 0.5796875 0.3265625 0.5859375 0.328125 0.5859375 0.3875 0.5796875 0.3890625 0.5796875 0.4125 0.5734375 0.4140625 0.5734375 0.421875 0.5625 0.421875 0.5609375 0.4296875 0.5375 0.4296875 0.5375 0.4234375 0.53125 0.421875 0.53125 0.396875 0.525 0.3953125 0.525 0.3890625 0.5375 0.3875 0.5375 0.371875 0.53125 0.3703125 0.5296875 0.3609375 0.525 0.3609375 0.525 0.3109375 0.51875 0.309375 0.51875 0.26875 0.525 0.2671875 0.525 0.190625 0.5296875 0.190625 0.53125 0.18125 0.5359375 0.18125 0.5375 0.1734375 0.54375 0.171875 0.54375 0.1390625 0.55 0.1375 0.55 0.1296875 0.5546875 0.1296875 0.55625 0.1234375
1 0.4265625 0 0.5421875 0 0.5421875 0.025 0.5484375 0.0265625 0.5484375 0.059375 0.5546875 0.0609375 0.5546875 0.1203125 0.55 0.1203125 0.5484375 0.128125 0.5421875 0.1296875 0.5421875 0.1375 0.5359375 0.1390625 0.5359375 0.1546875 0.525 0.1546875 0.525 0.1390625 0.51875 0.1375 0.51875 0.121875 0.50625 0.1203125 0.5046875 0.1109375 0.4953125 0.1109375 0.49375 0.1125 0.49375 0.171875 0.4890625 0.171875 0.4875 0.1796875 0.48125 0.18125 0.48125 0.196875 0.475 0.1984375 0.475 0.20625 0.4703125 0.20625 0.46875 0.2140625 0.4625 0.215625 0.4625 0.2234375 0.4578125 0.2234375 0.4578125 0.190625 0.4515625 0.1890625 0.4515625 0.146875 0.4453125 0.1453125 0.4453125 0.1046875 0.4390625 0.103125 0.4390625 0.0703125 0.4328125 0.06875 0.4328125 0.0265625 0.4265625 0.025 0.4265625 0.0015625
1 0.575 0.053125 0.5859375 0.053125 0.5859375 0.059375 0.5921875 0.0609375 0.5921875 0.06875 0.5984375 0.0703125 0.6 0.078125 0.6046875 0.078125 0.6046875 0.09375 0.6109375 0.0953125 0.6109375 0.1375 0.6171875 0.1390625 0.6171875 0.2671875 0.6109375 0.26875 0.6109375 0.309375 0.6046875 0.3109375 0.6046875 0.3359375 0.5984375 0.3375 0.5984375 0.34375 0.5875 0.34375 0.5875 0.328125 0.58125 0.3265625 0.58125 0.225 0.575 0.2234375 0.575 0.18125 0.56875 0.1796875 0.56875 0.146875 0.575 0.1453125 0.575 0.121875 0.58125 0.1203125 0.58125 0.1046875 0.575 0.103125 0.575 0.0546875
1 0.6984375 0.4578125 0.703125 0.4578125 0.7046875 0.465625 0.715625 0.465625 0.715625 0.4984375 0.721875 0.5 0.721875 0.6109375 0.7171875 0.6109375 0.715625 0.6203125 0.709375 0.621875 0.709375 0.6375 0.703125 0.6390625 0.703125 0.6546875 0.6921875 0.6546875 0.6921875 0.6390625 0.6859375 0.6375 0.6859375 0.6046875 0.6796875 0.603125 0.6796875 0.5875 0.6734375 0.5859375 0.671875 0.5765625 0.6671875 0.5765625 0.6671875 0.553125 0.6609375 0.5515625 0.6609375 0.54375 0.6671875 0.5421875 0.6671875 0.5 0.6796875 0.4984375 0.6796875 0.4828125 0.6859375 0.48125 0.6859375 0.475 0.6921875 0.4734375 0.6921875 0.465625 0.696875 0.465625 0.6984375 0.459375
1 0.303125 0 0.3875 0 0.3875 0.0171875 0.39375 0.01875 0.39375 0.06875 0.4 0.0703125 0.4 0.0859375 0.40625 0.0875 0.40625 0.1109375 0.4125 0.1125 0.4125 0.128125 0.41875 0.1296875 0.41875 0.1453125 0.425 0.146875 0.425 0.1625 0.43125 0.1640625 0.43125 0.20625 0.4375 0.2078125 0.4375 0.275 0.43125 0.2765625 0.43125 0.284375 0.425 0.2859375 0.425 0.2921875 0.4203125 0.2921875 0.41875 0.284375 0.4078125 0.284375 0.40625 0.275 0.3890625 0.275 0.3890625 0.26875 0.3828125 0.2671875 0.3828125 0.259375 0.3765625 0.2578125 0.3765625 0.2421875 0.371875 0.240625 0.371875 0.2328125 0.365625 0.23125 0.365625 0.215625 0.359375 0.2140625 0.3578125 0.20625 0.353125 0.20625 0.353125 0.190625 0.346875 0.1890625 0.346875 0.1640625 0.340625 0.1625 0.340625 0.1390625 0.334375 0.1375 0.3328125 0.128125 0.328125 0.128125 0.328125 0.1125 0.321875 0.1109375 0.321875 0.0953125 0.315625 0.09375 0.315625 0.078125 0.309375 0.0765625 0.3078125 0.06875 0.303125 0.06875 0.303125 0.04375 0.296875 0.0421875 0.296875 0.009375 0.303125 0.0078125 0.303125 0.0015625
1 0.6484375 0.053125 0.653125 0.053125 0.6546875 0.0609375 0.665625 0.0609375 0.6671875 0.0703125 0.678125 0.0703125 0.678125 0.0765625 0.684375 0.078125 0.684375 0.103125 0.6796875 0.103125 0.678125 0.1109375 0.671875 0.1125 0.671875 0.1375 0.678125 0.1390625 0.678125 0.1625 0.684375 0.1640625 0.684375 0.3015625 0.678125 0.303125 0.678125 0.34375 0.671875 0.3453125 0.671875 0.378125 0.665625 0.3796875 0.665625 0.4046875 0.6609375 0.4046875 0.659375 0.4125 0.653125 0.4140625 0.653125 0.421875 0.6125 0.421875 0.6125 0.4140625 0.60625 0.4125 0.60625 0.3375 0.6125 0.3359375 0.6125 0.2765625 0.61875 0.275 0.61875 0.215625 0.625 0.2140625 0.625 0.146875 0.6296875 0.1453125 0.6296875 0.121875 0.6359375 0.1203125 0.6359375 0.0875 0.6421875 0.0859375 0.6421875 0.0609375 0.646875 0.0609375 0.6484375 0.0546875
1 0.6125 0.475 0.634375 0.475 0.634375 0.48125 0.640625 0.4828125 0.640625 0.5078125 0.646875 0.509375 0.646875 0.534375 0.653125 0.5359375 0.653125 0.5765625 0.646875 0.578125 0.646875 0.6109375 0.640625 0.6125 0.640625 0.6375 0.634375 0.6390625 0.634375 0.671875 0.628125 0.6734375 0.628125 0.740625 0.6234375 0.7421875 0.6234375 0.7578125 0.6171875 0.759375 0.6171875 0.7671875 0.6109375 0.76875 0.6109375 0.775 0.6 0.775 0.6 0.76875 0.59375 0.7671875 0.59375 0.7421875 0.5875 0.740625 0.5875 0.6296875 0.59375 0.628125 0.59375 0.5359375 0.6 0.534375 0.6 0.4921875 0.60625 0.490625 0.60625 0.4828125 0.6109375 0.4828125 0.6125 0.4765625
1 0.796875 0.1734375 0.8140625 0.1734375 0.8140625 0.1796875 0.8203125 0.18125 0.8203125 0.20625 0.8265625 0.2078125 0.8265625 0.2484375 0.8328125 0.25 0.8328125 0.2921875 0.8265625 0.29375 0.8265625 0.3265625 0.8203125 0.328125 0.8203125 0.353125 0.8140625 0.3546875 0.8140625 0.3703125 0.8078125 0.371875 0.8078125 0.3875 0.803125 0.3875 0.8015625 0.3953125 0.7953125 0.396875 0.7953125 0.4046875 0.790625 0.4046875 0.7890625 0.4125 0.7828125 0.4140625 0.7828125 0.421875 0.7765625 0.4234375 0.7765625 0.4296875 0.765625 0.4296875 0.7640625 0.4390625 0.753125 0.4390625 0.7515625 0.446875 0.7359375 0.446875 0.7359375 0.43125 0.7421875 0.4296875 0.7421875 0.4140625 0.7515625 0.4140625 0.753125 0.40625 0.759375 0.4046875 0.759375 0.3890625 0.771875 0.3875 0.771875 0.371875 0.7765625 0.371875 0.778125 0.3625 0.7828125 0.3625 0.784375 0.3546875 0.790625 0.353125 0.790625 0.3375 0.796875 0.3359375 0.796875 0.2859375 0.803125 0.284375 0.803125 0.225 0.796875 0.2234375 0.796875 0.175
1 0.784375 0.6390625 0.8140625 0.6390625 0.8140625 0.6546875 0.8203125 0.65625 0.8203125 0.775 0.8140625 0.7765625 0.8140625 0.809375 0.8078125 0.8109375 0.8078125 0.8265625 0.8015625 0.828125 0.8015625 0.84375 0.7953125 0.8453125 0.7953125 0.853125 0.7890625 0.8546875 0.7890625 0.8609375 0.765625 0.8609375 0.765625 0.8203125 0.771875 0.81875 0.771875 0.7765625 0.778125 0.775 0.778125 0.690625 0.771875 0.6890625 0.771875 0.646875 0.7828125 0.646875 0.784375 0.640625
1 0.5 0.121875 0.5109375 0.121875 0.5109375 0.1375 0.5171875 0.1390625 0.5171875 0.1546875 0.50625 0.1546875 0.5046875 0.1625 0.5171875 0.1640625 0.5171875 0.1890625 0.5234375 0.190625 0.5234375 0.2140625 0.5171875 0.215625 0.5171875 0.31875 0.5234375 0.3203125 0.5234375 0.4296875 0.4953125 0.4296875 0.4953125 0.4234375 0.4890625 0.421875 0.4890625 0.4140625 0.4765625 0.4125 0.4765625 0.40625 0.4703125 0.4046875 0.4703125 0.3890625 0.4640625 0.3875 0.4625 0.378125 0.4578125 0.378125 0.4578125 0.2421875 0.4640625 0.240625 0.4640625 0.215625 0.46875 0.215625 0.4703125 0.2078125 0.4765625 0.20625 0.4765625 0.1984375 0.4828125 0.196875 0.4828125 0.18125 0.4953125 0.1796875 0.4953125 0.1296875 0.5 0.128125 0.5 0.1234375
1 0.4953125 0.5359375 0.4984375 0.5359375 0.5 0.54375 0.5046875 0.54375 0.5046875 0.5515625 0.5109375 0.553125 0.5109375 0.56875 0.5171875 0.5703125 0.5171875 0.5859375 0.5234375 0.5875 0.5234375 0.603125 0.5296875 0.6046875 0.5296875 0.6203125 0.5359375 0.621875 0.5359375 0.6375 0.5421875 0.6390625 0.5421875 0.6625 0.5484375 0.6640625 0.5484375 0.6796875 0.5546875 0.68125 0.5546875 0.696875 0.5609375 0.6984375 0.5609375 0.73125 0.5671875 0.7328125 0.5671875 0.7921875 0.55625 0.7921875 0.5546875 0.8015625 0.54375 0.8015625 0.5421875 0.809375 0.525 0.809375 0.525 0.803125 0.51875 0.8015625 0.51875 0.79375 0.5125 0.7921875 0.5125 0.7859375 0.50625 0.784375 0.50625 0.7765625 0.5 0.775 0.5 0.759375 0.4953125 0.7578125 0.4953125 0.7328125 0.4890625 0.73125 0.4890625 0.715625 0.4828125 0.7140625 0.4828125 0.6984375 0.4765625 0.696875 0.4765625 0.68125 0.4703125 0.6796875 0.4703125 0.65625 0.4640625 0.6546875 0.4640625 0.621875 0.4578125 0.6203125 0.4578125 0.5875 0.4625 0.5875 0.4640625 0.578125 0.4703125 0.5765625 0.4703125 0.5609375 0.4765625 0.559375 0.4765625 0.553125 0.4875 0.553125 0.4890625 0.54375 0.49375 0.54375 0.4953125 0.5375
1 0.353125 0.6046875 0.3703125 0.6046875 0.3703125 0.6109375 0.375 0.6125 0.375 0.6203125 0.38125 0.621875 0.38125 0.6625 0.3875 0.6640625 0.3875 0.696875 0.39375 0.6984375 0.39375 0.7140625 0.4 0.715625 0.4 0.73125 0.40625 0.7328125 0.40625 0.7578125 0.4125 0.759375 0.4140625 0.76875 0.41875 0.76875 0.41875 0.784375 0.425 0.7859375 0.425 0.7921875 0.43125 0.79375 0.43125 0.8015625 0.4375 0.803125 0.4390625 0.8109375 0.44375 0.8109375 0.44375 0.8265625 0.45 0.828125 0.45 0.84375 0.4390625 0.84375 0.4375 0.853125 0.4140625 0.853125 0.4140625 0.8453125 0.4078125 0.84375 0.40625 0.8359375 0.4015625 0.8359375 0.4015625 0.828125 0.3890625 0.8265625 0.3890625 0.8203125 0.3828125 0.81875 0.3828125 0.8109375 0.3765625 0.809375 0.3765625 0.803125 0.371875 0.8015625 0.371875 0.79375 0.365625 0.7921875 0.365625 0.7765625 0.359375 0.775 0.3578125 0.7671875 0.353125 0.7671875 0.353125 0.75 0.346875 0.7484375 0.346875 0.7328125 0.340625 0.73125 0.3390625 0.7234375 0.328125 0.7234375 0.328125 0.6640625 0.3390625 0.6640625 0.340625 0.65625 0.346875 0.6546875 0.346875 0.646875 0.340625 0.6453125 0.340625 0.621875 0.346875 0.6203125 0.346875 0.6125 0.3515625 0.6125 0.353125 0.60625
1 0.771875 0.146875 0.7828125 0.146875 0.7828125 0.1546875 0.7890625 0.15625 0.7890625 0.1796875 0.7953125 0.18125 0.7953125 0.20625 0.8015625 0.2078125 0.8015625 0.309375 0.7953125 0.3109375 0.7953125 0.3359375 0.7890625 0.3375 0.7890625 0.3609375 0.7828125 0.3625 0.7828125 0.378125 0.7765625 0.3796875 0.7765625 0.3875 0.771875 0.3875 0.7703125 0.3953125 0.7640625 0.396875 0.7640625 0.4046875 0.7578125 0.40625 0.7578125 0.4125 0.746875 0.4140625 0.746875 0.421875 0.7296875 0.421875 0.7296875 0.40625 0.7359375 0.4046875 0.7359375 0.3890625 0.7421875 0.3875 0.7421875 0.371875 0.7484375 0.3703125 0.7484375 0.3546875 0.753125 0.353125 0.753125 0.328125 0.759375 0.3265625 0.759375 0.29375 0.765625 0.2921875 0.765625 0.1984375 0.759375 0.196875 0.759375 0.18125 0.765625 0.1796875 0.765625 0.1640625 0.771875 0.1625 0.771875 0.1484375