1 0.4703125 0.571875 0.48125 0.571875 0.4828125 0.5828125 0.49375 0.5828125 0.49375 0.5921875 0.5046875 0.59375 0.5046875 0.6140625 0.5109375 0.615625 0.5109375 0.646875 0.5046875 0.6484375 0.5046875 0.6921875 0.4984375 0.69375 0.4984375 0.7140625 0.49375 0.715625 0.49375 0.725 0.48125 0.7265625 0.48125 0.7359375 0.475 0.7375 0.475 0.746875 0.4625 0.7484375 0.4625 0.7578125 0.45625 0.759375 0.45625 0.76875 0.4265625 0.76875 0.425 0.7796875 0.3953125 0.7796875 0.39375 0.790625 0.3828125 0.790625 0.3828125 0.78125 0.3765625 0.7796875 0.3765625 0.7265625 0.3828125 0.725 0.3828125 0.7046875 0.3890625 0.703125 0.3890625 0.69375 0.3953125 0.6921875 0.3953125 0.6828125 0.40625 0.6828125 0.4078125 0.671875 0.4140625 0.6703125 0.4140625 0.659375 0.4078125 0.6578125 0.4078125 0.6484375 0.4140625 0.646875 0.4140625 0.6375 0.4203125 0.6359375 0.4203125 0.6265625 0.43125 0.6265625 0.4328125 0.615625 0.4453125 0.6140625 0.4453125 0.6046875 0.4515625 0.603125 0.4515625 0.59375 0.4640625 0.5921875 0.4640625 0.5828125 0.4703125 0.58125 0.4703125 0.5734375
1 0.321875 0.571875 0.3578125 0.571875 0.3578125 0.6140625 0.3515625 0.615625 0.3515625 0.625 0.296875 0.625 0.296875 0.6046875 0.309375 0.603125 0.309375 0.59375 0.315625 0.5921875 0.315625 0.5828125 0.321875 0.58125 0.321875 0.5734375
1 0.61875 0.5609375 0.6234375 0.5609375 0.6234375 0.5703125 0.628125 0.571875 0.628125 0.58125 0.634375 0.5828125 0.634375 0.5921875 0.646875 0.59375 0.646875 0.603125 0.653125 0.6046875 0.653125 0.625 0.659375 0.6265625 0.659375 0.6359375 0.665625 0.6375 0.665625 0.6703125 0.671875 0.671875 0.671875 0.7796875 0.665625 0.78125 0.665625 0.8015625 0.659375 0.803125 0.659375 0.8125 0.653125 0.8140625 0.653125 0.8234375 0.640625 0.825 0.640625 0.834375 0.6125 0.834375 0.6125 0.825 0.60625 0.8234375 0.60625 0.7375 0.6125 0.7359375 0.6125 0.7046875 0.61875 0.703125 0.61875 0.659375 0.625 0.6578125 0.625 0.59375 0.61875 0.5921875 0.61875 0.5625
1 0.3765625 0.6828125 0.3875 0.6828125 0.3875 0.6921875 0.38125 0.69375 0.38125 0.7140625 0.375 0.715625 0.375 0.746875 0.3703125 0.7484375 0.3703125 0.8015625 0.375 0.803125 0.375 0.8125 0.3703125 0.8140625 0.3703125 0.8234375 0.3640625 0.825 0.3640625 0.834375 0.346875 0.834375 0.3453125 0.8453125 0.309375 0.8453125 0.309375 0.8359375 0.296875 0.834375 0.296875 0.825 0.290625 0.8234375 0.290625 0.7703125 0.296875 0.76875 0.296875 0.7484375 0.303125 0.746875 0.303125 0.7375 0.3140625 0.7375 0.315625 0.7265625 0.3265625 0.7265625 0.328125 0.715625 0.340625 0.7140625 0.340625 0.7046875 0.3578125 0.7046875 0.359375 0.69375 0.375 0.69375 0.3765625 0.684375
1 0.1296875 0.7265625 0.165625 0.7265625 0.165625 0.7359375 0.178125 0.7375 0.1796875 0.7484375 0.203125 0.7484375 0.2046875 0.759375 0.228125 0.759375 0.2296875 0.7703125 0.2515625 0.7703125 0.253125 0.78125 0.2828125 0.78125 0.2828125 0.8125 0.2890625 0.8140625 0.2890625 0.8234375 0.2953125 0.825 0.2953125 0.834375 0.3015625 0.8359375 0.3015625 0.8453125 0.3078125 0.846875 0.3078125 0.85625 0.1921875 0.85625 0.190625 0.8453125 0.1546875 0.8453125 0.153125 0.834375 0.1296875 0.834375 0.128125 0.8234375 0.08125 0.8234375 0.08125 0.8140625 0.075 0.8125 0.075 0.7921875 0.08125 0.790625 0.08125 0.78125 0.0984375 0.78125 0.1 0.7796875 0.1 0.7703125 0.10625 0.76875 0.10625 0.759375 0.1125 0.7578125 0.1125 0.7484375 0.125 0.746875 0.125 0.7375 0.1296875 0.7359375 0.1296875 0.728125
1 0.4015625 0.6375 0.41875 0.6375 0.41875 0.6703125 0.4078125 0.6703125 0.40625 0.68125 0.3953125 0.68125 0.39375 0.6921875 0.3875 0.69375 0.3875 0.703125 0.38125 0.7046875 0.38125 0.725 0.375 0.7265625 0.375 0.8234375 0.359375 0.8234375 0.3578125 0.834375 0.3453125 0.8359375 0.3453125 0.8453125 0.309375 0.8453125 0.3078125 0.834375 0.296875 0.834375 0.296875 0.8140625 0.290625 0.8125 0.290625 0.7703125 0.296875 0.76875 0.296875 0.7484375 0.303125 0.746875 0.303125 0.7375 0.315625 0.7359375 0.315625 0.7265625 0.321875 0.725 0.321875 0.715625 0.3390625 0.715625 0.340625 0.7046875 0.3578125 0.7046875 0.359375 0.69375 0.3703125 0.69375 0.371875 0.6828125 0.3828125 0.68125 0.3828125 0.671875 0.3890625 0.6703125 0.3890625 0.659375 0.3953125 0.6578125 0.3953125 0.6484375 0.4015625 0.646875 0.4015625 0.6390625
1 0.1359375 0.59375 0.190625 0.59375 0.1921875 0.6046875 0.228125 0.6046875 0.2296875 0.615625 0.2640625 0.615625 0.265625 0.6265625 0.3515625 0.6265625 0.353125 0.615625 0.3640625 0.615625 0.3640625 0.625 0.375 0.6265625 0.375 0.6359375 0.38125 0.6375 0.38125 0.6703125 0.375 0.671875 0.375 0.68125 0.365625 0.68125 0.3640625 0.6921875 0.353125 0.6921875 0.3515625 0.703125 0.334375 0.703125 0.3328125 0.7140625 0.3203125 0.715625 0.3203125 0.725 0.3078125 0.7265625 0.3078125 0.7359375 0.3015625 0.7375 0.3015625 0.746875 0.2953125 0.7484375 0.2953125 0.7578125 0.2890625 0.759375 0.2890625 0.76875 0.2359375 0.76875 0.234375 0.7578125 0.2109375 0.7578125 0.209375 0.746875 0.1859375 0.746875 0.184375 0.7359375 0.1671875 0.7359375 0.165625 0.725 0.1484375 0.725 0.146875 0.7140625 0.1296875 0.7140625 0.1296875 0.7046875 0.11875 0.703125 0.1171875 0.6921875 0.1 0.6921875 0.0984375 0.68125 0.075 0.68125 0.075 0.671875 0.06875 0.6703125 0.06875 0.6265625 0.0796875 0.6265625 0.08125 0.615625 0.1234375 0.615625 0.125 0.6046875 0.134375 0.6046875 0.1359375 0.5953125
1 0.58125 0.50625 0.5921875 0.50625 0.5921875 0.515625 0.5984375 0.5171875 0.5984375 0.5265625 0.6046875 0.528125 0.6046875 0.5375 0.6109375 0.5390625 0.6109375 0.5484375 0.6171875 0.55 0.6171875 0.6140625 0.6234375 0.615625 0.6234375 0.6359375 0.6171875 0.6375 0.6171875 0.6921875 0.6109375 0.69375 0.6109375 0.7140625 0.6046875 0.715625 0.6046875 0.725 0.59375 0.725 0.5921875 0.7359375 0.5796875 0.7375 0.5796875 0.746875 0.55 0.746875 0.55 0.7375 0.54375 0.7359375 0.54375 0.7265625 0.5375 0.725 0.5375 0.7046875 0.53125 0.703125 0.53125 0.6828125 0.5375 0.68125 0.5375 0.6484375 0.54375 0.646875 0.54375 0.6265625 0.55 0.625 0.55 0.59375 0.55625 0.5921875 0.55625 0.5828125 0.56875 0.58125 0.56875 0.5609375 0.5734375 0.5609375 0.575 0.55 0.58125 0.5484375 0.58125 0.5078125
1 0.4390625 0.440625 0.475 0.440625 0.475 0.45 0.48125 0.4515625 0.48125 0.471875 0.4875 0.4734375 0.4875 0.5265625 0.48125 0.528125 0.48125 0.5484375 0.475 0.55 0.475 0.559375 0.46875 0.5609375 0.46875 0.5703125 0.4625 0.571875 0.4625 0.58125 0.45625 0.5828125 0.45625 0.5921875 0.45 0.59375 0.45 0.603125 0.4390625 0.603125 0.4375 0.6140625 0.425 0.615625 0.425 0.625 0.371875 0.625 0.3703125 0.6140625 0.359375 0.6140625 0.359375 0.5828125 0.365625 0.58125 0.365625 0.5609375 0.371875 0.559375 0.371875 0.55 0.3765625 0.5484375 0.3765625 0.5390625 0.3890625 0.5375 0.3890625 0.528125 0.3953125 0.5265625 0.3953125 0.5171875 0.4015625 0.515625 0.4015625 0.50625 0.4078125 0.5046875 0.4078125 0.4953125 0.4140625 0.49375 0.4140625 0.484375 0.4203125 0.4828125 0.4203125 0.4734375 0.4265625 0.471875 0.4265625 0.4625 0.4328125 0.4609375 0.4328125 0.4515625 0.4390625 0.45 0.4390625 0.4421875
1 0.55 0.59375 0.5546875 0.59375 0.5546875 0.6140625 0.5484375 0.615625 0.5484375 0.646875 0.5421875 0.6484375 0.5421875 0.6703125 0.5359375 0.671875 0.5359375 0.725 0.5421875 0.7265625 0.54375 0.7375 0.5546875 0.7375 0.55625 0.7484375 0.5796875 0.7484375 0.58125 0.7375 0.5921875 0.7375 0.59375 0.7265625 0.5984375 0.7265625 0.5984375 0.7359375 0.5921875 0.7375 0.5921875 0.746875 0.5875 0.746875 0.5859375 0.7578125 0.5796875 0.759375 0.5796875 0.790625 0.5734375 0.7921875 0.5734375 0.8015625 0.5671875 0.803125 0.5671875 0.8125 0.5609375 0.8140625 0.5609375 0.8234375 0.5546875 0.825 0.5546875 0.834375 0.5421875 0.8359375 0.5421875 0.8453125 0.5359375 0.846875 0.5359375 0.85625 0.5125 0.85625 0.5109375 0.8671875 0.4578125 0.8671875 0.4578125 0.8578125 0.4515625 0.85625 0.4515625 0.846875 0.4453125 0.8453125 0.4453125 0.8140625 0.4515625 0.8125 0.4515625 0.7921875 0.45625 0.7921875 0.4578125 0.78125 0.4640625 0.7796875 0.4640625 0.759375 0.4703125 0.7578125 0.4703125 0.7484375 0.4828125 0.746875 0.4828125 0.7375 0.4890625 0.7359375 0.4890625 0.7265625 0.5 0.725 0.5 0.715625 0.50625 0.7140625 0.50625 0.7046875 0.5109375 0.7046875 0.5125 0.69375 0.51875 0.6921875 0.51875 0.671875 0.525 0.6703125 0.525 0.6265625 0.51875 0.625 0.51875 0.615625 0.5296875 0.615625 0.53125 0.6046875 0.5484375 0.6046875 0.55 0.5953125
1 0.4390625 0.759375 0.4625 0.759375 0.4625 0.76875 0.45625 0.7703125 0.45625 0.7796875 0.45 0.78125 0.45 0.790625 0.44375 0.7921875 0.44375 0.8015625 0.4375 0.803125 0.4375 0.8125 0.43125 0.8140625 0.43125 0.8234375 0.3953125 0.8234375 0.3953125 0.8140625 0.3828125 0.8125 0.3828125 0.803125 0.3765625 0.8015625 0.3765625 0.78125 0.39375 0.78125 0.3953125 0.7703125 0.4375 0.7703125 0.4390625 0.7609375
1 0.5125 0.7046875 0.5296875 0.7046875 0.5296875 0.725 0.5421875 0.7265625 0.5421875 0.7359375 0.5484375 0.7375 0.5484375 0.746875 0.5609375 0.7484375 0.5625 0.759375 0.5734375 0.759375 0.5734375 0.790625 0.5671875 0.7921875 0.5671875 0.8015625 0.5625 0.8015625 0.5609375 0.8125 0.5546875 0.8140625 0.5546875 0.834375 0.5421875 0.8359375 0.5421875 0.8453125 0.5359375 0.846875 0.5359375 0.85625 0.5125 0.85625 0.5109375 0.8671875 0.4578125 0.8671875 0.4578125 0.8578125 0.4515625 0.85625 0.4515625 0.846875 0.4453125 0.8453125 0.4453125 0.8140625 0.4515625 0.8125 0.4515625 0.7921875 0.45625 0.7921875 0.4578125 0.78125 0.4640625 0.7796875 0.4640625 0.759375 0.4703125 0.7578125 0.4703125 0.7484375 0.4828125 0.746875 0.4828125 0.7375 0.4890625 0.7359375 0.4890625 0.7265625 0.4984375 0.7265625 0.5 0.715625 0.5109375 0.715625 0.5125 0.70625
1 0.5 0.353125 0.5234375 0.353125 0.5234375 0.3625 0.5296875 0.3640625 0.5296875 0.3734375 0.5359375 0.375 0.5359375 0.4171875 0.5296875 0.41875 0.5296875 0.428125 0.5234375 0.4296875 0.5234375 0.4390625 0.51875 0.4390625 0.5171875 0.45 0.5109375 0.4515625 0.5109375 0.471875 0.5046875 0.4734375 0.5046875 0.49375 0.4984375 0.4953125 0.4984375 0.5046875 0.4890625 0.5046875 0.4890625 0.4734375 0.4828125 0.471875 0.4828125 0.4078125 0.4890625 0.40625 0.4890625 0.375 0.4953125 0.3734375 0.4953125 0.3640625 0.5 0.3625 0.5 0.3546875
1 0.53125 0.41875 0.5546875 0.41875 0.5546875 0.428125 0.5671875 0.4296875 0.5671875 0.4390625 0.5734375 0.440625 0.5734375 0.45 0.5796875 0.4515625 0.5796875 0.5375 0.5734375 0.5390625 0.5734375 0.559375 0.5671875 0.5609375 0.5671875 0.5703125 0.5609375 0.571875 0.5609375 0.58125 0.5484375 0.5828125 0.5484375 0.5921875 0.50625 0.5921875 0.50625 0.5828125 0.5 0.58125 0.5 0.571875 0.4953125 0.5703125 0.4953125 0.5390625 0.4890625 0.5375 0.4890625 0.528125 0.4953125 0.5265625 0.4953125 0.5171875 0.5 0.515625 0.5 0.4953125 0.5046875 0.4953125 0.50625 0.484375 0.5125 0.4828125 0.5125 0.4625 0.51875 0.4609375 0.51875 0.440625 0.525 0.4390625 0.525 0.4296875 0.53125 0.428125 0.53125 0.4203125