2 0.40740740740740733 0.1758241758241758 0.43209876543209874 0.19780219780219782 0.45061728395061723 0.1758241758241758 0.45061728395061723 0.14285714285714285 0.4382716049382716 0.12087912087912087 0.41975308641975306 0.12087912087912087 0.40740740740740733 0.14285714285714285 0.40740740740740733 0.1758241758241758
2 0.4814814814814815 0.16483516483516483 0.5 0.16483516483516483 0.5123456790123456 0.15384615384615383 0.5123456790123456 0.09890109890109891 0.5 0.0879120879120879 0.4814814814814815 0.0879120879120879 0.47530864197530864 0.09890109890109891 0.4691358024691358 0.14285714285714285 0.4814814814814815 0.16483516483516483
2 0.5 0.24175824175824173 0.5123456790123456 0.26373626373626374 0.5246913580246912 0.26373626373626374 0.537037037037037 0.25274725274725274 0.5432098765432098 0.2197802197802198 0.537037037037037 0.19780219780219782 0.5123456790123456 0.18681318681318682 0.5 0.2087912087912088 0.5 0.24175824175824173
2 0.6358024691358024 0.5054945054945055 0.6419753086419753 0.5274725274725275 0.6604938271604939 0.5384615384615384 0.6790123456790124 0.5164835164835165 0.6790123456790124 0.4725274725274725 0.6666666666666666 0.45054945054945056 0.6481481481481481 0.45054945054945056 0.6358024691358024 0.4725274725274725 0.6358024691358024 0.5054945054945055
2 0.6604938271604939 0.2967032967032967 0.6666666666666666 0.31868131868131866 0.6790123456790124 0.32967032967032966 0.6975308641975309 0.30769230769230765 0.6975308641975309 0.27472527472527475 0.691358024691358 0.24175824175824173 0.6728395061728395 0.23076923076923075 0.6604938271604939 0.24175824175824173 0.6604938271604939 0.2967032967032967
2 0.7345679012345678 0.5934065934065934 0.7469135802469136 0.6043956043956044 0.7654320987654321 0.6043956043956044 0.7716049382716049 0.5934065934065934 0.7716049382716049 0.5384615384615384 0.7592592592592593 0.5164835164835165 0.7407407407407407 0.5274725274725275 0.7345679012345678 0.5494505494505495 0.7345679012345678 0.5934065934065934
2 0.6481481481481481 0.4065934065934066 0.6728395061728395 0.4395604395604396 0.691358024691358 0.4065934065934066 0.691358024691358 0.3626373626373626 0.6790123456790124 0.34065934065934067 0.654320987654321 0.34065934065934067 0.6481481481481481 0.3516483516483516 0.6419753086419753 0.37362637362637363 0.6481481481481481 0.4065934065934066
2 0.8086419753086419 0.3516483516483516 0.8333333333333333 0.3516483516483516 0.845679012345679 0.32967032967032966 0.8333333333333333 0.2857142857142857 0.8148148148148147 0.2857142857142857 0.8086419753086419 0.2967032967032967 0.8024691358024691 0.32967032967032966 0.8086419753086419 0.3516483516483516
2 0.8518518518518517 0.2967032967032967 0.8641975308641975 0.30769230769230765 0.882716049382716 0.30769230769230765 0.8950617283950617 0.2857142857142857 0.888888888888889 0.24175824175824173 0.8580246913580247 0.24175824175824173 0.8518518518518517 0.25274725274725274 0.8518518518518517 0.2967032967032967
2 0.8148148148148147 0.24175824175824173 0.8271604938271604 0.26373626373626374 0.8395061728395061 0.26373626373626374 0.8518518518518517 0.24175824175824173 0.8518518518518517 0.2087912087912088 0.8395061728395061 0.18681318681318682 0.8209876543209876 0.18681318681318682 0.8148148148148147 0.2087912087912088 0.8148148148148147 0.24175824175824173
2 0.8395061728395061 0.16483516483516483 0.8580246913580247 0.19780219780219782 0.8703703703703702 0.19780219780219782 0.882716049382716 0.1758241758241758 0.882716049382716 0.14285714285714285 0.8703703703703702 0.12087912087912087 0.8641975308641975 0.13186813186813187 0.845679012345679 0.13186813186813187 0.8395061728395061 0.14285714285714285 0.8395061728395061 0.16483516483516483
2 0.654320987654321 0.04395604395604395 0.6604938271604939 0.05494505494505495 0.6851851851851851 0.05494505494505495 0.6975308641975309 0.03296703296703297 0.6975308641975309 0.010989010989010988 0.691358024691358 0 0.6604938271604939 0 0.654320987654321 0.010989010989010988 0.654320987654321 0.04395604395604395
2 0.5679012345679012 0.07692307692307691 0.5925925925925926 0.07692307692307691 0.6049382716049382 0.04395604395604395 0.5987654320987654 0.021978021978021976 0.5925925925925926 0.010989010989010988 0.5740740740740741 0.010989010989010988 0.5679012345679012 0.021978021978021976 0.5617283950617284 0.06593406593406594 0.5679012345679012 0.07692307692307691
2 0.5061728395061728 0.06593406593406594 0.5185185185185185 0.06593406593406594 0.537037037037037 0.04395604395604395 0.537037037037037 0 0.5 0 0.49382716049382713 0.04395604395604395 0.5061728395061728 0.06593406593406594
2 0.45061728395061723 0.06593406593406594 0.4814814814814815 0.06593406593406594 0.48765432098765427 0.03296703296703297 0.4814814814814815 0.010989010989010988 0.4691358024691358 0 0.4444444444444445 0.010989010989010988 0.4382716049382716 0.04395604395604395 0.45061728395061723 0.06593406593406594
2 0.37037037037037035 0.13186813186813187 0.3765432098765432 0.14285714285714285 0.4012345679012346 0.14285714285714285 0.40740740740740733 0.12087912087912087 0.40740740740740733 0.0879120879120879 0.3950617283950617 0.06593406593406594 0.3765432098765432 0.07692307692307691 0.37037037037037035 0.0879120879120879 0.37037037037037035 0.13186813186813187
2 0.2962962962962963 0.14285714285714285 0.3024691358024691 0.15384615384615383 0.32098765432098764 0.15384615384615383 0.3333333333333333 0.1098901098901099 0.32098765432098764 0.0879120879120879 0.30864197530864196 0.0879120879120879 0.2962962962962963 0.1098901098901099 0.2962962962962963 0.14285714285714285
2 0.2530864197530864 0.2197802197802198 0.2777777777777778 0.2197802197802198 0.29012345679012347 0.19780219780219782 0.2839506172839506 0.16483516483516483 0.2530864197530864 0.16483516483516483 0.2530864197530864 0.2197802197802198
2 0.20370370370370366 0.2087912087912088 0.20987654320987653 0.2197802197802198 0.24074074074074076 0.2197802197802198 0.24074074074074076 0.1758241758241758 0.2345679012345679 0.16483516483516483 0.20987654320987653 0.16483516483516483 0.20370370370370366 0.1758241758241758 0.20370370370370366 0.2087912087912088
2 0.17901234567901234 0.14285714285714285 0.20370370370370366 0.15384615384615383 0.21604938271604937 0.1098901098901099 0.20370370370370366 0.0879120879120879 0.18518518518518517 0.0879120879120879 0.17901234567901234 0.09890109890109891 0.17901234567901234 0.14285714285714285
2 0.16049382716049382 0.3626373626373626 0.1728395061728395 0.39560439560439564 0.18518518518518517 0.39560439560439564 0.20370370370370366 0.37362637362637363 0.20370370370370366 0.34065934065934067 0.19135802469135801 0.31868131868131866 0.1728395061728395 0.31868131868131866 0.16049382716049382 0.34065934065934067 0.16049382716049382 0.3626373626373626
2 0.20987654320987653 0.32967032967032966 0.22222222222222224 0.3516483516483516 0.2345679012345679 0.3516483516483516 0.24691358024691357 0.32967032967032966 0.24691358024691357 0.2967032967032967 0.24074074074074076 0.2857142857142857 0.21604938271604937 0.2857142857142857 0.20987654320987653 0.2967032967032967 0.20987654320987653 0.32967032967032966
2 0.2839506172839506 0.5274725274725275 0.2962962962962963 0.5384615384615384 0.31481481481481477 0.5384615384615384 0.32098765432098764 0.5164835164835165 0.32098765432098764 0.48351648351648346 0.31481481481481477 0.4615384615384615 0.29012345679012347 0.4615384615384615 0.2839506172839506 0.4725274725274725 0.2839506172839506 0.5274725274725275
2 0.5185185185185185 0.5934065934065934 0.5246913580246912 0.6043956043956044 0.5432098765432098 0.6043956043956044 0.5617283950617284 0.5714285714285714 0.5617283950617284 0.5494505494505495 0.5493827160493827 0.5274725274725275 0.537037037037037 0.5274725274725275 0.5246913580246912 0.5494505494505495 0.5185185185185185 0.5714285714285714 0.5185185185185185 0.5934065934065934
2 0.6172839506172839 0.6813186813186813 0.6234567901234567 0.7032967032967032 0.6481481481481481 0.7032967032967032 0.6604938271604939 0.6593406593406593 0.6481481481481481 0.6263736263736264 0.6296296296296295 0.6263736263736264 0.6172839506172839 0.6483516483516484 0.6172839506172839 0.6813186813186813
2 0.6790123456790124 0.6373626373626373 0.6851851851851851 0.6483516483516484 0.7037037037037036 0.6483516483516484 0.7160493827160493 0.6153846153846153 0.7160493827160493 0.5824175824175823 0.691358024691358 0.5714285714285714 0.6790123456790124 0.5934065934065934 0.6790123456790124 0.6373626373626373
2 0.8765432098765432 0.4065934065934066 0.9012345679012345 0.4175824175824176 0.919753086419753 0.39560439560439564 0.919753086419753 0.37362637362637363 0.9074074074074074 0.34065934065934067 0.888888888888889 0.34065934065934067 0.8765432098765432 0.3626373626373626 0.8765432098765432 0.4065934065934066