1 0.4546875 0.6796875 0.465625 0.6796875 0.4671875 0.6859375 0.4765625 0.6859375 0.4765625 0.728125 0.4875 0.7296875 0.4875 0.7640625 0.4984375 0.765625 0.4984375 0.8140625 0.4890625 0.8140625 0.4875 0.8203125 0.478125 0.8203125 0.4765625 0.834375 0.4671875 0.834375 0.465625 0.8421875 0.44375 0.8421875 0.4421875 0.8484375 0.375 0.8484375 0.3734375 0.8421875 0.3640625 0.8421875 0.3640625 0.821875 0.353125 0.8203125 0.3515625 0.80625 0.3421875 0.80625 0.3421875 0.7796875 0.3296875 0.778125 0.3296875 0.765625 0.340625 0.765625 0.3421875 0.75 0.3515625 0.75 0.353125 0.74375 0.3640625 0.7421875 0.3640625 0.7296875 0.3734375 0.7296875 0.375 0.721875 0.3859375 0.721875 0.3875 0.715625 0.4078125 0.715625 0.409375 0.7 0.43125 0.7 0.4328125 0.69375 0.4421875 0.69375 0.44375 0.6859375 0.453125 0.6859375 0.4546875 0.68125
1 0.2734375 0.365625 0.30625 0.365625 0.30625 0.384375 0.3171875 0.3859375 0.3171875 0.434375 0.3078125 0.434375 0.30625 0.4421875 0.296875 0.4421875 0.2953125 0.4484375 0.284375 0.4484375 0.284375 0.4359375 0.2734375 0.434375 0.2734375 0.415625 0.2625 0.4140625 0.2625 0.3796875 0.2734375 0.378125 0.2734375 0.3671875
1 0.534375 0.365625 0.5671875 0.365625 0.56875 0.371875 0.578125 0.371875 0.578125 0.4140625 0.56875 0.4140625 0.5671875 0.4203125 0.5578125 0.4203125 0.55625 0.434375 0.546875 0.434375 0.5453125 0.4421875 0.534375 0.4421875 0.5328125 0.45625 0.5234375 0.45625 0.5234375 0.371875 0.5328125 0.371875 0.534375 0.3671875
1 0.2390625 0.415625 0.271875 0.415625 0.271875 0.434375 0.2828125 0.4359375 0.284375 0.45 0.2953125 0.45 0.2953125 0.4640625 0.284375 0.4640625 0.2828125 0.4703125 0.2625 0.4703125 0.2609375 0.478125 0.2390625 0.478125 0.2390625 0.465625 0.228125 0.4640625 0.228125 0.4296875 0.2390625 0.428125 0.2390625 0.4171875
1 0.409375 0.3796875 0.43125 0.3796875 0.4328125 0.3859375 0.4421875 0.3859375 0.44375 0.39375 0.453125 0.39375 0.453125 0.45625 0.4421875 0.4578125 0.4421875 0.5140625 0.4328125 0.5140625 0.43125 0.5203125 0.409375 0.5203125 0.4078125 0.5140625 0.3984375 0.5140625 0.396875 0.50625 0.3875 0.50625 0.3875 0.4859375 0.375 0.484375 0.375 0.4 0.3859375 0.4 0.3875 0.39375 0.396875 0.39375 0.3984375 0.3859375 0.4078125 0.3859375 0.409375 0.38125
1 0.6140625 0.3796875 0.6234375 0.3796875 0.625 0.3859375 0.6359375 0.3859375 0.6359375 0.3984375 0.646875 0.4 0.646875 0.4140625 0.6578125 0.415625 0.6578125 0.4421875 0.6484375 0.4421875 0.646875 0.45625 0.6375 0.45625 0.6359375 0.4640625 0.625 0.4640625 0.6234375 0.4703125 0.6125 0.471875 0.6125 0.478125 0.603125 0.478125 0.6015625 0.4921875 0.5921875 0.4921875 0.590625 0.4984375 0.5796875 0.4984375 0.578125 0.50625 0.5578125 0.50625 0.55625 0.5140625 0.5234375 0.5140625 0.5234375 0.4578125 0.534375 0.45625 0.534375 0.44375 0.546875 0.4421875 0.546875 0.4296875 0.5578125 0.428125 0.5578125 0.415625 0.5671875 0.415625 0.56875 0.4078125 0.5796875 0.40625 0.5796875 0.39375 0.590625 0.39375 0.5921875 0.3859375 0.6125 0.3859375 0.6140625 0.38125
1 0.6828125 0.7 0.715625 0.7 0.7171875 0.7078125 0.7375 0.7078125 0.7390625 0.715625 0.7484375 0.715625 0.75 0.7078125 0.7828125 0.7078125 0.784375 0.715625 0.8171875 0.715625 0.8171875 0.734375 0.8078125 0.734375 0.80625 0.7421875 0.784375 0.7421875 0.7828125 0.7484375 0.7171875 0.7484375 0.715625 0.7421875 0.7046875 0.7421875 0.703125 0.734375 0.6828125 0.734375 0.6828125 0.721875 0.671875 0.7203125 0.671875 0.7078125 0.68125 0.7078125 0.6828125 0.7015625
1 0.8421875 0.571875 0.8734375 0.571875 0.875 0.5796875 0.8859375 0.5796875 0.8859375 0.5921875 0.8734375 0.59375 0.8734375 0.6140625 0.8640625 0.6140625 0.8625 0.6203125 0.853125 0.6203125 0.8515625 0.634375 0.8421875 0.634375 0.840625 0.6421875 0.81875 0.6421875 0.8171875 0.6484375 0.796875 0.6484375 0.7953125 0.65625 0.7171875 0.65625 0.715625 0.6484375 0.7046875 0.6484375 0.7046875 0.64375 0.715625 0.64375 0.7171875 0.6359375 0.7375 0.6359375 0.7390625 0.6296875 0.7609375 0.6296875 0.7625 0.621875 0.7828125 0.621875 0.784375 0.615625 0.7953125 0.615625 0.796875 0.6078125 0.8078125 0.60625 0.8078125 0.6 0.8171875 0.6 0.81875 0.59375 0.828125 0.59375 0.8296875 0.5796875 0.840625 0.5796875 0.8421875 0.5734375
1 0.8078125 0.521875 0.8171875 0.521875 0.81875 0.5296875 0.840625 0.5296875 0.8421875 0.5359375 0.8515625 0.5359375 0.8515625 0.5703125 0.840625 0.571875 0.840625 0.584375 0.828125 0.5859375 0.828125 0.5984375 0.81875 0.5984375 0.8171875 0.60625 0.80625 0.6078125 0.80625 0.6140625 0.784375 0.6140625 0.7828125 0.6203125 0.771875 0.621875 0.771875 0.628125 0.7390625 0.628125 0.7375 0.634375 0.69375 0.634375 0.6921875 0.628125 0.6828125 0.628125 0.68125 0.6203125 0.671875 0.6203125 0.671875 0.6078125 0.6921875 0.6078125 0.69375 0.6 0.703125 0.6 0.7046875 0.59375 0.715625 0.59375 0.7171875 0.5859375 0.7375 0.5859375 0.7390625 0.5796875 0.75 0.578125 0.75 0.571875 0.7609375 0.571875 0.7625 0.565625 0.771875 0.565625 0.7734375 0.5640625 0.7734375 0.54375 0.7828125 0.54375 0.784375 0.5359375 0.7953125 0.5359375 0.796875 0.5296875 0.80625 0.5296875 0.8078125 0.5234375
1 0.2625 0.4796875 0.2953125 0.4796875 0.2953125 0.50625 0.30625 0.5078125 0.3078125 0.515625 0.3171875 0.515625 0.31875 0.5296875 0.328125 0.5296875 0.3296875 0.5359375 0.340625 0.5359375 0.340625 0.5421875 0.3515625 0.54375 0.353125 0.55 0.3734375 0.55 0.375 0.5578125 0.3859375 0.5578125 0.3859375 0.584375 0.375 0.584375 0.3734375 0.5921875 0.3296875 0.5921875 0.3296875 0.5859375 0.31875 0.584375 0.3171875 0.578125 0.296875 0.578125 0.2953125 0.5703125 0.284375 0.5703125 0.2828125 0.5640625 0.2734375 0.5640625 0.2734375 0.55 0.2625 0.5484375 0.2625 0.5359375 0.25 0.534375 0.25 0.4859375 0.2609375 0.4859375 0.2625 0.48125
1 0.3296875 0.421875 0.340625 0.421875 0.3421875 0.4296875 0.3515625 0.4296875 0.353125 0.44375 0.3625 0.44375 0.3640625 0.45 0.3734375 0.45 0.3734375 0.4921875 0.3859375 0.49375 0.3859375 0.5140625 0.396875 0.515625 0.3984375 0.5296875 0.4078125 0.5296875 0.4078125 0.534375 0.396875 0.5359375 0.396875 0.5484375 0.375 0.5484375 0.3734375 0.5421875 0.353125 0.5421875 0.3515625 0.534375 0.3296875 0.534375 0.328125 0.5203125 0.31875 0.5203125 0.3171875 0.5140625 0.3078125 0.5140625 0.3078125 0.5 0.296875 0.4984375 0.296875 0.45 0.30625 0.45 0.3078125 0.4359375 0.3171875 0.4359375 0.31875 0.4296875 0.328125 0.4296875 0.3296875 0.4234375
1 0.728125 0.471875 0.771875 0.471875 0.7734375 0.4796875 0.7828125 0.4796875 0.7828125 0.4984375 0.7953125 0.5 0.7953125 0.528125 0.7828125 0.5296875 0.7828125 0.5421875 0.771875 0.54375 0.771875 0.55625 0.7625 0.55625 0.7609375 0.5640625 0.75 0.5640625 0.7484375 0.5703125 0.7390625 0.5703125 0.7375 0.578125 0.728125 0.578125 0.7265625 0.584375 0.7171875 0.584375 0.715625 0.5921875 0.69375 0.5921875 0.6921875 0.5984375 0.6375 0.5984375 0.6375 0.565625 0.6484375 0.5640625 0.6484375 0.55 0.6578125 0.55 0.659375 0.54375 0.6703125 0.54375 0.671875 0.5359375 0.6828125 0.534375 0.6828125 0.521875 0.6921875 0.521875 0.69375 0.515625 0.703125 0.515625 0.7046875 0.5078125 0.715625 0.5078125 0.7171875 0.49375 0.728125 0.4921875 0.728125 0.4734375
1 0.353125 0.3359375 0.3625 0.3359375 0.3640625 0.34375 0.396875 0.34375 0.396875 0.384375 0.3859375 0.3859375 0.3859375 0.3984375 0.3734375 0.4 0.3734375 0.4203125 0.3640625 0.4203125 0.3625 0.428125 0.353125 0.428125 0.3515625 0.4203125 0.3296875 0.4203125 0.3296875 0.4078125 0.31875 0.40625 0.31875 0.3859375 0.3078125 0.384375 0.3078125 0.365625 0.31875 0.3640625 0.31875 0.35 0.328125 0.35 0.3296875 0.34375 0.3515625 0.34375 0.353125 0.3375
1 0.44375 0.315625 0.4765625 0.315625 0.4765625 0.334375 0.4875 0.3359375 0.4875 0.3484375 0.4765625 0.35 0.4765625 0.3640625 0.465625 0.365625 0.465625 0.378125 0.4546875 0.378125 0.453125 0.384375 0.44375 0.384375 0.4421875 0.378125 0.4328125 0.378125 0.43125 0.3703125 0.421875 0.3703125 0.4203125 0.3640625 0.409375 0.3640625 0.409375 0.34375 0.4203125 0.34375 0.421875 0.3296875 0.43125 0.3296875 0.4328125 0.321875 0.4421875 0.321875 0.44375 0.3171875
1 0.8078125 0.65 0.8625 0.65 0.8625 0.678125 0.853125 0.678125 0.8515625 0.684375 0.8421875 0.684375 0.840625 0.6921875 0.81875 0.6921875 0.8171875 0.6984375 0.7734375 0.6984375 0.771875 0.70625 0.7171875 0.70625 0.715625 0.6984375 0.69375 0.6984375 0.6921875 0.6921875 0.671875 0.6921875 0.6703125 0.684375 0.659375 0.684375 0.659375 0.671875 0.6703125 0.671875 0.671875 0.665625 0.6921875 0.665625 0.69375 0.6578125 0.7265625 0.6578125 0.728125 0.665625 0.7609375 0.665625 0.7625 0.6578125 0.80625 0.6578125 0.8078125 0.6515625
1 0.478125 0.371875 0.5109375 0.371875 0.5125 0.3796875 0.521875 0.3796875 0.521875 0.478125 0.5109375 0.4796875 0.5109375 0.5140625 0.5 0.5140625 0.4984375 0.5203125 0.478125 0.5203125 0.4765625 0.5140625 0.4546875 0.5140625 0.4546875 0.5 0.44375 0.4984375 0.44375 0.4578125 0.4546875 0.45625 0.4546875 0.3859375 0.465625 0.3859375 0.4671875 0.3796875 0.4765625 0.3796875 0.478125 0.3734375
1 0.659375 0.44375 0.6921875 0.44375 0.69375 0.45 0.703125 0.45 0.7046875 0.4578125 0.715625 0.4578125 0.7171875 0.465625 0.7265625 0.465625 0.7265625 0.4921875 0.7171875 0.4921875 0.715625 0.4984375 0.7046875 0.4984375 0.703125 0.50625 0.69375 0.50625 0.6921875 0.5203125 0.68125 0.521875 0.68125 0.534375 0.659375 0.534375 0.6578125 0.5484375 0.646875 0.55 0.646875 0.5640625 0.6359375 0.565625 0.6359375 0.578125 0.5921875 0.578125 0.590625 0.5703125 0.56875 0.5703125 0.56875 0.5296875 0.5796875 0.528125 0.5796875 0.515625 0.5921875 0.5140625 0.5921875 0.5 0.603125 0.4984375 0.603125 0.4859375 0.6125 0.4859375 0.6140625 0.4796875 0.6234375 0.4796875 0.625 0.465625 0.6359375 0.465625 0.6375 0.4578125 0.646875 0.4578125 0.6484375 0.45 0.6578125 0.45 0.659375 0.4453125