1 0.6296875 0.25 0.646875 0.25 0.646875 0.2578125 0.653125 0.259375 0.653125 0.2765625 0.659375 0.278125 0.659375 0.2953125 0.665625 0.296875 0.665625 0.3515625 0.659375 0.353125 0.659375 0.3703125 0.653125 0.371875 0.653125 0.425 0.6484375 0.425 0.646875 0.434375 0.6421875 0.434375 0.6421875 0.4078125 0.6359375 0.40625 0.6359375 0.371875 0.6296875 0.3703125 0.6296875 0.353125 0.625 0.3515625 0.625 0.334375 0.61875 0.3328125 0.61875 0.26875 0.625 0.2671875 0.625 0.259375 0.6296875 0.2578125 0.6296875 0.2515625
1 0.7171875 0.4734375 0.740625 0.4734375 0.740625 0.48125 0.746875 0.4828125 0.746875 0.4984375 0.7515625 0.5 0.7515625 0.5265625 0.746875 0.528125 0.746875 0.5546875 0.740625 0.55625 0.740625 0.5921875 0.734375 0.59375 0.734375 0.6203125 0.728125 0.621875 0.728125 0.6375 0.7171875 0.6375 0.715625 0.646875 0.709375 0.6484375 0.709375 0.65625 0.703125 0.6578125 0.703125 0.665625 0.6921875 0.665625 0.690625 0.675 0.6859375 0.675 0.6859375 0.6671875 0.6796875 0.665625 0.6796875 0.6296875 0.6734375 0.628125 0.6734375 0.6125 0.6796875 0.6109375 0.6796875 0.584375 0.6859375 0.5828125 0.6859375 0.546875 0.6921875 0.5453125 0.6921875 0.509375 0.6984375 0.5078125 0.6984375 0.5 0.703125 0.5 0.7046875 0.4921875 0.7109375 0.490625 0.7109375 0.4828125 0.7171875 0.48125 0.7171875 0.475
1 0.5125 0.4453125 0.5359375 0.4453125 0.5375 0.4546875 0.5484375 0.4546875 0.5484375 0.4625 0.5546875 0.4640625 0.5546875 0.48125 0.5609375 0.4828125 0.5609375 0.5171875 0.5546875 0.51875 0.5546875 0.5359375 0.54375 0.5359375 0.5421875 0.5453125 0.5125 0.5453125 0.5125 0.5375 0.50625 0.5359375 0.50625 0.5 0.5 0.4984375 0.5 0.4640625 0.50625 0.4625 0.50625 0.4546875 0.5125 0.453125 0.5125 0.446875
1 0.6 0.315625 0.6046875 0.315625 0.60625 0.325 0.6171875 0.325 0.6171875 0.3421875 0.6234375 0.34375 0.6234375 0.3515625 0.628125 0.353125 0.628125 0.3703125 0.634375 0.371875 0.634375 0.415625 0.640625 0.4171875 0.640625 0.453125 0.6359375 0.453125 0.634375 0.4625 0.628125 0.4640625 0.628125 0.48125 0.6234375 0.4828125 0.6234375 0.490625 0.61875 0.490625 0.61875 0.4828125 0.6125 0.48125 0.6125 0.4734375 0.60625 0.471875 0.60625 0.4546875 0.59375 0.453125 0.59375 0.4453125 0.5875 0.44375 0.5859375 0.434375 0.58125 0.434375 0.58125 0.3625 0.5875 0.3609375 0.5875 0.334375 0.59375 0.3328125 0.59375 0.325 0.6 0.3234375 0.6 0.3171875
1 0.4578125 0.278125 0.475 0.278125 0.475 0.2859375 0.48125 0.2875 0.48125 0.2953125 0.49375 0.296875 0.49375 0.3046875 0.4984375 0.30625 0.4984375 0.3140625 0.5046875 0.315625 0.5046875 0.3328125 0.5109375 0.334375 0.5125 0.34375 0.5171875 0.34375 0.5171875 0.3609375 0.5234375 0.3625 0.5234375 0.415625 0.5296875 0.4171875 0.5296875 0.425 0.5234375 0.4265625 0.5234375 0.434375 0.5171875 0.4359375 0.5171875 0.44375 0.4890625 0.44375 0.4890625 0.4359375 0.4828125 0.434375 0.4828125 0.4171875 0.4765625 0.415625 0.475 0.40625 0.4703125 0.40625 0.4703125 0.3796875 0.4640625 0.378125 0.4640625 0.3625 0.4578125 0.3609375 0.4578125 0.34375 0.4515625 0.3421875 0.4515625 0.296875 0.4578125 0.2953125 0.4578125 0.2796875
1 0.803125 0.4453125 0.8203125 0.4453125 0.821875 0.4546875 0.8328125 0.4546875 0.8328125 0.471875 0.8390625 0.4734375 0.8390625 0.5265625 0.834375 0.5265625 0.8328125 0.5359375 0.8265625 0.5375 0.8265625 0.5546875 0.815625 0.5546875 0.8140625 0.5640625 0.8078125 0.565625 0.8078125 0.5734375 0.790625 0.5734375 0.7890625 0.5828125 0.7765625 0.584375 0.7765625 0.5921875 0.7484375 0.5921875 0.7484375 0.584375 0.7421875 0.5828125 0.7421875 0.565625 0.7484375 0.5640625 0.7484375 0.5375 0.753125 0.5359375 0.753125 0.51875 0.759375 0.5171875 0.759375 0.5 0.7640625 0.5 0.765625 0.4921875 0.771875 0.490625 0.771875 0.4828125 0.778125 0.48125 0.778125 0.4734375 0.784375 0.471875 0.784375 0.4640625 0.796875 0.4625 0.796875 0.4546875 0.803125 0.453125 0.803125 0.446875
1 0.56875 0.4453125 0.5921875 0.4453125 0.5921875 0.453125 0.5984375 0.4546875 0.5984375 0.4625 0.6046875 0.4640625 0.60625 0.4734375 0.6109375 0.4734375 0.6109375 0.490625 0.6171875 0.4921875 0.6171875 0.5265625 0.6109375 0.528125 0.6109375 0.5546875 0.6171875 0.55625 0.6171875 0.6203125 0.60625 0.6203125 0.60625 0.6125 0.6 0.6109375 0.6 0.603125 0.59375 0.6015625 0.59375 0.59375 0.5875 0.5921875 0.5875 0.584375 0.58125 0.5828125 0.5796875 0.5734375 0.575 0.5734375 0.575 0.55625 0.56875 0.5546875 0.5671875 0.5453125 0.5625 0.5453125 0.5625 0.4546875 0.56875 0.453125 0.56875 0.446875
1 0.625 0.509375 0.646875 0.509375 0.646875 0.5171875 0.653125 0.51875 0.6546875 0.528125 0.659375 0.528125 0.659375 0.5453125 0.665625 0.546875 0.665625 0.5734375 0.671875 0.575 0.671875 0.646875 0.678125 0.6484375 0.678125 0.665625 0.671875 0.6671875 0.671875 0.684375 0.665625 0.6859375 0.665625 0.69375 0.659375 0.6953125 0.659375 0.703125 0.6296875 0.703125 0.6296875 0.6765625 0.625 0.675 0.625 0.6125 0.61875 0.6109375 0.61875 0.51875 0.625 0.5171875 0.625 0.5109375
1 0.4390625 0.6125 0.46875 0.6125 0.46875 0.6375 0.475 0.6390625 0.475 0.646875 0.48125 0.6484375 0.48125 0.65625 0.4875 0.6578125 0.4890625 0.6671875 0.49375 0.6671875 0.49375 0.684375 0.4984375 0.6859375 0.4984375 0.69375 0.5046875 0.6953125 0.5046875 0.703125 0.5109375 0.7046875 0.5125 0.7140625 0.5234375 0.7140625 0.5234375 0.721875 0.5296875 0.7234375 0.5296875 0.73125 0.5359375 0.7328125 0.5375 0.7421875 0.5484375 0.7421875 0.5484375 0.7484375 0.5421875 0.75 0.5421875 0.7578125 0.5359375 0.759375 0.5359375 0.7671875 0.525 0.7671875 0.5234375 0.7578125 0.5 0.7578125 0.4984375 0.7484375 0.4828125 0.7484375 0.4828125 0.7421875 0.4765625 0.740625 0.4765625 0.7328125 0.4703125 0.73125 0.4703125 0.7234375 0.4640625 0.721875 0.4640625 0.7140625 0.4578125 0.7125 0.4578125 0.7046875 0.4515625 0.703125 0.4515625 0.6953125 0.4453125 0.69375 0.4453125 0.6859375 0.4390625 0.684375 0.4390625 0.6671875 0.4328125 0.665625 0.4328125 0.621875 0.4390625 0.6203125 0.4390625 0.6140625
1 0.55 0.296875 0.5796875 0.296875 0.5796875 0.3046875 0.5859375 0.30625 0.5875 0.315625 0.5921875 0.315625 0.5921875 0.3328125 0.5859375 0.334375 0.5859375 0.3609375 0.5796875 0.3625 0.5796875 0.3875 0.5734375 0.3890625 0.5734375 0.40625 0.5796875 0.4078125 0.5796875 0.425 0.5734375 0.4265625 0.5734375 0.44375 0.5625 0.44375 0.5609375 0.453125 0.55 0.453125 0.55 0.4453125 0.54375 0.44375 0.54375 0.4171875 0.5375 0.415625 0.5375 0.3796875 0.53125 0.378125 0.53125 0.353125 0.5375 0.3515625 0.5375 0.334375 0.54375 0.3328125 0.54375 0.325 0.5375 0.3234375 0.5375 0.315625 0.54375 0.3140625 0.54375 0.30625 0.55 0.3046875 0.55 0.2984375
1 0.4265625 0.334375 0.44375 0.334375 0.44375 0.3421875 0.45 0.34375 0.45 0.3515625 0.45625 0.353125 0.4578125 0.3625 0.4625 0.3625 0.4625 0.378125 0.46875 0.3796875 0.46875 0.425 0.475 0.4265625 0.475 0.4625 0.46875 0.4640625 0.46875 0.471875 0.4515625 0.471875 0.4515625 0.4640625 0.4390625 0.4625 0.4390625 0.4546875 0.4328125 0.453125 0.4328125 0.4359375 0.4265625 0.434375 0.4265625 0.4265625 0.4203125 0.425 0.41875 0.415625 0.4140625 0.415625 0.4140625 0.353125 0.4203125 0.3515625 0.4203125 0.34375 0.4265625 0.3421875 0.4265625 0.3359375
1 0.4640625 0.4828125 0.4984375 0.4828125 0.4984375 0.4984375 0.5046875 0.5 0.5046875 0.5453125 0.4953125 0.5453125 0.49375 0.5546875 0.4890625 0.5546875 0.4875 0.5453125 0.48125 0.546875 0.48125 0.5546875 0.4703125 0.5546875 0.4703125 0.546875 0.4640625 0.5453125 0.4625 0.5359375 0.4578125 0.5359375 0.4578125 0.51875 0.4515625 0.5171875 0.4515625 0.5 0.4578125 0.4984375 0.4578125 0.4921875 0.4640625 0.490625 0.4640625 0.484375
1 0.6671875 0.34375 0.690625 0.34375 0.690625 0.3515625 0.696875 0.353125 0.6984375 0.3625 0.703125 0.3625 0.703125 0.3875 0.709375 0.3890625 0.709375 0.471875 0.703125 0.4734375 0.703125 0.490625 0.6984375 0.490625 0.696875 0.4984375 0.690625 0.5 0.690625 0.5078125 0.6796875 0.5078125 0.6796875 0.4921875 0.6734375 0.490625 0.6734375 0.4734375 0.6671875 0.471875 0.665625 0.4625 0.6546875 0.4625 0.6546875 0.4546875 0.6484375 0.453125 0.6484375 0.4265625 0.6546875 0.425 0.6546875 0.371875 0.659375 0.371875 0.6609375 0.3625 0.6671875 0.3609375 0.6671875 0.3453125
1 0.6921875 0.25 0.715625 0.25 0.715625 0.2578125 0.721875 0.259375 0.7234375 0.26875 0.728125 0.26875 0.728125 0.378125 0.721875 0.3796875 0.721875 0.3875 0.7171875 0.3875 0.715625 0.396875 0.7109375 0.396875 0.7109375 0.3890625 0.7046875 0.3875 0.7046875 0.3625 0.6984375 0.3609375 0.6984375 0.34375 0.6921875 0.3421875 0.690625 0.3328125 0.6734375 0.3328125 0.6734375 0.2875 0.6796875 0.2859375 0.6796875 0.26875 0.6859375 0.2671875 0.6859375 0.259375 0.6921875 0.2578125 0.6921875 0.2515625
1 0.759375 0.2875 0.7828125 0.2875 0.7828125 0.2953125 0.7890625 0.296875 0.790625 0.30625 0.7953125 0.30625 0.7953125 0.3515625 0.7890625 0.353125 0.7890625 0.3703125 0.784375 0.3703125 0.7828125 0.378125 0.7765625 0.3796875 0.7765625 0.396875 0.771875 0.396875 0.771875 0.3890625 0.765625 0.3875 0.7640625 0.378125 0.753125 0.378125 0.7515625 0.3703125 0.7421875 0.3703125 0.7421875 0.353125 0.7359375 0.3515625 0.7359375 0.325 0.740625 0.325 0.7421875 0.315625 0.7484375 0.3140625 0.7484375 0.30625 0.753125 0.3046875 0.753125 0.296875 0.759375 0.2953125 0.759375 0.2890625
1 0.4828125 0.1953125 0.5046875 0.1953125 0.50625 0.2046875 0.5296875 0.2046875 0.53125 0.2140625 0.5421875 0.2140625 0.5421875 0.221875 0.5484375 0.2234375 0.5484375 0.23125 0.5546875 0.2328125 0.5546875 0.240625 0.5609375 0.2421875 0.5625 0.25 0.5671875 0.25 0.5671875 0.2671875 0.5734375 0.26875 0.5734375 0.2859375 0.5796875 0.2875 0.5796875 0.2953125 0.54375 0.2953125 0.5421875 0.3046875 0.5359375 0.30625 0.5359375 0.3234375 0.5296875 0.325 0.5296875 0.3421875 0.51875 0.3421875 0.51875 0.334375 0.5125 0.3328125 0.5125 0.325 0.50625 0.3234375 0.5046875 0.3140625 0.5 0.3140625 0.5 0.30625 0.4953125 0.3046875 0.4953125 0.296875 0.4890625 0.2953125 0.4890625 0.2875 0.4828125 0.2859375 0.4828125 0.278125 0.4765625 0.2765625 0.475 0.2671875 0.4703125 0.2671875 0.4703125 0.2140625 0.4765625 0.2125 0.4765625 0.2046875 0.4828125 0.203125 0.4828125 0.196875
1 0.790625 0.353125 0.8140625 0.353125 0.8140625 0.3609375 0.8203125 0.3625 0.8203125 0.415625 0.8140625 0.4171875 0.8140625 0.434375 0.8078125 0.4359375 0.8078125 0.44375 0.8015625 0.4453125 0.8015625 0.453125 0.790625 0.453125 0.7890625 0.4625 0.778125 0.4625 0.778125 0.3796875 0.7828125 0.3796875 0.784375 0.371875 0.790625 0.3703125 0.790625 0.3546875
1 0.4703125 0.55625 0.5109375 0.55625 0.5109375 0.5640625 0.5171875 0.565625 0.5171875 0.5921875 0.5234375 0.59375 0.5234375 0.6375 0.5296875 0.6390625 0.53125 0.6484375 0.5359375 0.6484375 0.5359375 0.665625 0.5421875 0.6671875 0.54375 0.6765625 0.5484375 0.6765625 0.5484375 0.69375 0.5546875 0.6953125 0.5546875 0.703125 0.5609375 0.7046875 0.5609375 0.7125 0.5671875 0.7140625 0.56875 0.7234375 0.5734375 0.7234375 0.5734375 0.73125 0.5671875 0.7328125 0.5671875 0.740625 0.5625 0.740625 0.5609375 0.73125 0.53125 0.73125 0.53125 0.7234375 0.525 0.721875 0.525 0.7140625 0.5125 0.7125 0.5125 0.7046875 0.50625 0.703125 0.5046875 0.69375 0.5 0.69375 0.5 0.6859375 0.4953125 0.684375 0.4953125 0.6671875 0.4890625 0.665625 0.4890625 0.6578125 0.4828125 0.65625 0.48125 0.646875 0.4765625 0.646875 0.4765625 0.621875 0.4703125 0.6203125 0.46875 0.6109375 0.4640625 0.6109375 0.4640625 0.565625 0.4703125 0.5640625 0.4703125 0.5578125
1 0.525 0.546875 0.5609375 0.546875 0.5609375 0.5546875 0.5671875 0.55625 0.5671875 0.5640625 0.5734375 0.565625 0.5734375 0.5734375 0.5796875 0.575 0.5796875 0.5828125 0.5859375 0.584375 0.5859375 0.5921875 0.5921875 0.59375 0.5921875 0.6015625 0.5984375 0.603125 0.5984375 0.6109375 0.6046875 0.6125 0.6046875 0.628125 0.6109375 0.6296875 0.6109375 0.69375 0.6171875 0.6953125 0.6171875 0.703125 0.6109375 0.7046875 0.6109375 0.721875 0.6 0.721875 0.5984375 0.73125 0.575 0.73125 0.575 0.7234375 0.56875 0.721875 0.56875 0.7046875 0.5625 0.703125 0.5625 0.6953125 0.55625 0.69375 0.55625 0.6859375 0.55 0.684375 0.55 0.6765625 0.54375 0.675 0.5421875 0.665625 0.5375 0.665625 0.5375 0.6484375 0.53125 0.646875 0.53125 0.621875 0.525 0.6203125 0.525 0.584375 0.51875 0.5828125 0.51875 0.55625 0.525 0.5546875 0.525 0.5484375
1 0.6421875 0.4546875 0.646875 0.4546875 0.6484375 0.4640625 0.659375 0.4640625 0.659375 0.471875 0.665625 0.4734375 0.665625 0.48125 0.671875 0.4828125 0.6734375 0.4921875 0.678125 0.4921875 0.678125 0.5171875 0.684375 0.51875 0.684375 0.5640625 0.678125 0.565625 0.678125 0.5828125 0.6671875 0.5828125 0.6671875 0.55625 0.6609375 0.5546875 0.6609375 0.528125 0.6546875 0.5265625 0.6546875 0.51875 0.6484375 0.5171875 0.646875 0.5078125 0.6359375 0.5078125 0.6359375 0.5 0.6296875 0.4984375 0.6296875 0.4734375 0.6359375 0.471875 0.6359375 0.4640625 0.6421875 0.4625 0.6421875 0.45625
1 0.575 0.1671875 0.5921875 0.1671875 0.5921875 0.175 0.5984375 0.1765625 0.6 0.1859375 0.6046875 0.1859375 0.6046875 0.19375 0.6109375 0.1953125 0.6125 0.2046875 0.6171875 0.2046875 0.6171875 0.2125 0.6234375 0.2140625 0.6234375 0.2578125 0.6171875 0.259375 0.6171875 0.2953125 0.6109375 0.296875 0.6109375 0.3140625 0.59375 0.3140625 0.59375 0.30625 0.5875 0.3046875 0.5875 0.296875 0.58125 0.2953125 0.5796875 0.2859375 0.575 0.2859375 0.575 0.26875 0.56875 0.2671875 0.56875 0.25 0.5625 0.2484375 0.5625 0.2328125 0.55625 0.23125 0.55625 0.1953125 0.5625 0.19375 0.5625 0.1859375 0.56875 0.184375 0.56875 0.1765625 0.575 0.175 0.575 0.16875
1 0.4203125 0.6484375 0.43125 0.6484375 0.43125 0.65625 0.4375 0.6578125 0.4375 0.675 0.44375 0.6765625 0.4453125 0.6859375 0.45 0.6859375 0.45 0.703125 0.4625 0.7046875 0.4625 0.7125 0.46875 0.7140625 0.46875 0.721875 0.475 0.7234375 0.475 0.73125 0.4875 0.7328125 0.4875 0.740625 0.49375 0.7421875 0.4953125 0.75 0.5046875 0.75 0.50625 0.759375 0.5421875 0.759375 0.54375 0.75 0.55 0.7484375 0.55 0.7421875 0.5609375 0.7421875 0.5625 0.75 0.5671875 0.75 0.56875 0.7421875 0.5734375 0.7421875 0.5734375 0.7671875 0.5671875 0.76875 0.5671875 0.7765625 0.5609375 0.778125 0.5609375 0.7859375 0.5484375 0.7875 0.5484375 0.7953125 0.5421875 0.796875 0.5421875 0.8046875 0.53125 0.8046875 0.5296875 0.7953125 0.50625 0.7953125 0.5046875 0.7859375 0.4890625 0.7859375 0.4875 0.7765625 0.4703125 0.7765625 0.46875 0.7671875 0.4515625 0.7671875 0.45 0.7578125 0.4390625 0.7578125 0.4375 0.7484375 0.4265625 0.7484375 0.4265625 0.7328125 0.4203125 0.73125 0.4203125 0.7140625 0.4140625 0.7125 0.4140625 0.6953125 0.4078125 0.69375 0.4078125 0.6578125 0.41875 0.6578125 0.4203125 0.65
1 0.7421875 0.371875 0.7578125 0.371875 0.7578125 0.378125 0.7640625 0.3796875 0.7640625 0.3875 0.7703125 0.3890625 0.7703125 0.48125 0.765625 0.48125 0.7640625 0.490625 0.759375 0.490625 0.7578125 0.4984375 0.753125 0.4984375 0.753125 0.4921875 0.7484375 0.490625 0.7484375 0.4828125 0.7421875 0.48125 0.7421875 0.4734375 0.7296875 0.471875 0.7296875 0.4640625 0.7234375 0.4625 0.7234375 0.3984375 0.7296875 0.396875 0.7296875 0.3890625 0.7359375 0.3875 0.7359375 0.3796875 0.740625 0.3796875 0.7421875 0.3734375