1 0.453125 0.5796875 0.5046875 0.5796875 0.5046875 0.628125 0.4953125 0.628125 0.49375 0.634375 0.453125 0.634375 0.4515625 0.628125 0.4421875 0.628125 0.4421875 0.5859375 0.4515625 0.5859375 0.453125 0.58125
1 0.6671875 0.421875 0.6765625 0.421875 0.678125 0.4296875 0.6875 0.4296875 0.6890625 0.44375 0.6984375 0.44375 0.7 0.45 0.709375 0.45 0.709375 0.478125 0.6984375 0.4796875 0.6984375 0.50625 0.6875 0.5078125 0.6875 0.5203125 0.6671875 0.5203125 0.665625 0.5140625 0.65625 0.5140625 0.65625 0.4859375 0.6453125 0.484375 0.6453125 0.4359375 0.6546875 0.4359375 0.65625 0.4296875 0.665625 0.4296875 0.6671875 0.4234375
1 0.559375 0.515625 0.56875 0.515625 0.5703125 0.521875 0.5796875 0.521875 0.58125 0.5296875 0.590625 0.5296875 0.590625 0.55625 0.58125 0.55625 0.5796875 0.5703125 0.5703125 0.5703125 0.56875 0.578125 0.528125 0.578125 0.5265625 0.5703125 0.5171875 0.5703125 0.5171875 0.54375 0.5265625 0.54375 0.528125 0.5359375 0.5375 0.5359375 0.5390625 0.5296875 0.546875 0.5296875 0.5484375 0.521875 0.5578125 0.521875 0.559375 0.5171875
1 0.7859375 0.565625 0.7953125 0.565625 0.796875 0.571875 0.8171875 0.571875 0.8171875 0.5984375 0.80625 0.6 0.80625 0.6140625 0.721875 0.6140625 0.7203125 0.60625 0.7109375 0.60625 0.7109375 0.59375 0.7203125 0.59375 0.721875 0.5859375 0.7296875 0.5859375 0.73125 0.5796875 0.7515625 0.5796875 0.753125 0.571875 0.784375 0.571875 0.7859375 0.5671875
1 0.796875 0.3 0.80625 0.3 0.80625 0.3140625 0.8171875 0.315625 0.8171875 0.3203125 0.80625 0.321875 0.80625 0.3703125 0.7953125 0.371875 0.7953125 0.384375 0.775 0.384375 0.7734375 0.3921875 0.753125 0.3921875 0.7515625 0.3984375 0.740625 0.4 0.740625 0.40625 0.6890625 0.40625 0.6875 0.3984375 0.678125 0.3984375 0.678125 0.3859375 0.6875 0.3859375 0.6890625 0.3796875 0.6984375 0.3796875 0.7 0.371875 0.709375 0.371875 0.7109375 0.365625 0.721875 0.3640625 0.721875 0.3578125 0.7296875 0.3578125 0.73125 0.35 0.7421875 0.3484375 0.7421875 0.3296875 0.7515625 0.3296875 0.753125 0.321875 0.7625 0.321875 0.7640625 0.3078125 0.7953125 0.3078125 0.796875 0.3015625
1 0.528125 0.3859375 0.56875 0.3859375 0.56875 0.434375 0.5578125 0.4359375 0.5578125 0.4640625 0.546875 0.465625 0.546875 0.4921875 0.5375 0.49375 0.5375 0.50625 0.50625 0.50625 0.5046875 0.4984375 0.4953125 0.4984375 0.49375 0.4921875 0.484375 0.4921875 0.484375 0.4359375 0.49375 0.4359375 0.4953125 0.421875 0.50625 0.4203125 0.50625 0.4 0.515625 0.4 0.5171875 0.39375 0.5265625 0.39375 0.528125 0.3875
1 0.484375 0.515625 0.5046875 0.515625 0.5046875 0.534375 0.515625 0.5359375 0.515625 0.55625 0.5046875 0.5578125 0.5046875 0.5703125 0.453125 0.5703125 0.4515625 0.5640625 0.4421875 0.5640625 0.4421875 0.5359375 0.4515625 0.5359375 0.453125 0.5296875 0.4609375 0.5296875 0.4625 0.521875 0.4828125 0.521875 0.484375 0.5171875
1 0.365625 0.4578125 0.3859375 0.4578125 0.3875 0.465625 0.396875 0.465625 0.3984375 0.471875 0.4078125 0.471875 0.409375 0.4796875 0.41875 0.4796875 0.4203125 0.49375 0.4296875 0.49375 0.43125 0.5 0.440625 0.5 0.4421875 0.5078125 0.4515625 0.5078125 0.4515625 0.528125 0.409375 0.528125 0.4078125 0.534375 0.3984375 0.534375 0.396875 0.528125 0.3765625 0.528125 0.375 0.5203125 0.365625 0.5203125 0.3640625 0.5140625 0.35625 0.5140625 0.35625 0.471875 0.365625 0.4703125 0.365625 0.459375
1 0.678125 0.5859375 0.6984375 0.5859375 0.6984375 0.5984375 0.709375 0.6 0.709375 0.6140625 0.7 0.6140625 0.6984375 0.6203125 0.6890625 0.6203125 0.6875 0.628125 0.6671875 0.628125 0.665625 0.634375 0.65625 0.634375 0.65625 0.6 0.665625 0.6 0.6671875 0.59375 0.6765625 0.59375 0.678125 0.5875
1 0.73125 0.4578125 0.7625 0.4578125 0.7625 0.50625 0.753125 0.50625 0.7515625 0.5140625 0.7421875 0.5140625 0.740625 0.5203125 0.73125 0.5203125 0.7296875 0.528125 0.7109375 0.528125 0.709375 0.534375 0.6890625 0.534375 0.6890625 0.5078125 0.7 0.50625 0.7 0.4796875 0.709375 0.4796875 0.7109375 0.471875 0.7203125 0.471875 0.721875 0.465625 0.73125 0.4640625 0.73125 0.459375
1 0.3984375 0.5359375 0.4296875 0.5359375 0.43125 0.54375 0.440625 0.54375 0.440625 0.5921875 0.4296875 0.59375 0.4296875 0.6140625 0.4203125 0.6140625 0.41875 0.60625 0.3984375 0.60625 0.3984375 0.59375 0.3875 0.5921875 0.3875 0.54375 0.396875 0.54375 0.3984375 0.5375
1 0.4625 0.3796875 0.49375 0.3796875 0.49375 0.3921875 0.5046875 0.39375 0.5046875 0.4140625 0.4953125 0.4140625 0.49375 0.428125 0.4828125 0.4296875 0.4828125 0.4921875 0.4734375 0.4921875 0.471875 0.4984375 0.453125 0.4984375 0.4515625 0.4921875 0.4421875 0.4921875 0.440625 0.484375 0.43125 0.484375 0.43125 0.4078125 0.4421875 0.40625 0.4421875 0.3859375 0.4609375 0.3859375 0.4625 0.38125
1 0.625 0.4859375 0.64375 0.4859375 0.6453125 0.49375 0.6546875 0.49375 0.6546875 0.5421875 0.6453125 0.5421875 0.64375 0.5484375 0.6359375 0.5484375 0.634375 0.55625 0.603125 0.55625 0.6015625 0.5484375 0.5921875 0.5484375 0.5921875 0.5078125 0.6015625 0.5078125 0.603125 0.5 0.6125 0.5 0.6140625 0.49375 0.6234375 0.49375 0.625 0.4875
1 0.7859375 0.4578125 0.80625 0.4578125 0.8078125 0.465625 0.8171875 0.465625 0.81875 0.471875 0.8265625 0.471875 0.8265625 0.4984375 0.8171875 0.5 0.8171875 0.5203125 0.8078125 0.5203125 0.80625 0.528125 0.7859375 0.528125 0.7859375 0.515625 0.775 0.5140625 0.775 0.4796875 0.7859375 0.478125 0.7859375 0.459375
1 0.4203125 0.2578125 0.4296875 0.2578125 0.43125 0.265625 0.440625 0.265625 0.440625 0.278125 0.4515625 0.2796875 0.4515625 0.328125 0.4609375 0.3296875 0.4609375 0.3640625 0.453125 0.3640625 0.4515625 0.3703125 0.4203125 0.3703125 0.41875 0.3640625 0.409375 0.3640625 0.4078125 0.35625 0.3984375 0.35625 0.3984375 0.271875 0.4078125 0.271875 0.409375 0.265625 0.41875 0.265625 0.4203125 0.259375
1 0.5484375 0.5796875 0.5796875 0.5796875 0.58125 0.5859375 0.590625 0.5859375 0.590625 0.6140625 0.5796875 0.615625 0.5796875 0.628125 0.5703125 0.628125 0.56875 0.634375 0.559375 0.634375 0.5578125 0.6421875 0.5390625 0.6421875 0.5375 0.634375 0.5171875 0.634375 0.5171875 0.6078125 0.528125 0.60625 0.528125 0.5859375 0.546875 0.5859375 0.5484375 0.58125
1 0.625 0.5859375 0.64375 0.5859375 0.6453125 0.59375 0.6546875 0.59375 0.6546875 0.634375 0.625 0.634375 0.6234375 0.6421875 0.603125 0.6421875 0.6015625 0.634375 0.5921875 0.634375 0.5921875 0.6078125 0.603125 0.60625 0.603125 0.59375 0.6234375 0.59375 0.625 0.5875
1 0.6359375 0.39375 0.6546875 0.39375 0.65625 0.4 0.665625 0.4 0.665625 0.428125 0.65625 0.428125 0.6546875 0.434375 0.64375 0.4359375 0.64375 0.4640625 0.634375 0.465625 0.634375 0.484375 0.6140625 0.484375 0.6125 0.4984375 0.5484375 0.4984375 0.5484375 0.4796875 0.5578125 0.4796875 0.559375 0.471875 0.56875 0.471875 0.5703125 0.4578125 0.58125 0.45625 0.58125 0.44375 0.5921875 0.4421875 0.5921875 0.4296875 0.603125 0.428125 0.603125 0.415625 0.6125 0.415625 0.6140625 0.4078125 0.6234375 0.4078125 0.625 0.4 0.634375 0.4 0.6359375 0.3953125
1 0.65625 0.54375 0.6984375 0.54375 0.6984375 0.578125 0.678125 0.578125 0.6765625 0.584375 0.6140625 0.584375 0.6125 0.578125 0.603125 0.578125 0.603125 0.571875 0.6125 0.571875 0.6140625 0.565625 0.625 0.5640625 0.625 0.5578125 0.634375 0.5578125 0.6359375 0.55 0.6546875 0.55 0.65625 0.5453125
1 0.7421875 0.515625 0.7734375 0.515625 0.775 0.521875 0.784375 0.521875 0.784375 0.5421875 0.7734375 0.54375 0.7734375 0.55625 0.7640625 0.55625 0.7625 0.5640625 0.753125 0.5640625 0.7515625 0.5703125 0.7421875 0.5703125 0.740625 0.578125 0.73125 0.578125 0.7296875 0.584375 0.7 0.584375 0.7 0.5578125 0.7109375 0.55625 0.7109375 0.5359375 0.7203125 0.5359375 0.721875 0.5296875 0.7296875 0.5296875 0.73125 0.521875 0.740625 0.521875 0.7421875 0.5171875