0 0.340625 0.9203125 0.375 0.9203125 0.375 0.9265625 0.38125 0.928125 0.38125 0.971875 0.375 0.9734375 0.375 0.98125 0.334375 0.98125 0.334375 0.9734375 0.328125 0.971875 0.328125 0.946875 0.334375 0.9453125 0.334375 0.928125 0.3390625 0.928125 0.340625 0.921875
0 0.59375 0.9375 0.6171875 0.9375 0.6171875 0.9453125 0.6234375 0.946875 0.6234375 0.9625 0.628125 0.9640625 0.628125 0.98125 0.6234375 0.9828125 0.6234375 0.990625 0.6171875 0.9921875 0.6171875 0.9984375 0.6 0.9984375 0.5984375 0.990625 0.5875 0.990625 0.5875 0.946875 0.59375 0.9453125 0.59375 0.9390625
0 0.6296875 0.63125 0.653125 0.63125 0.653125 0.665625 0.646875 0.6671875 0.646875 0.675 0.6296875 0.675 0.6296875 0.6671875 0.625 0.665625 0.625 0.640625 0.6296875 0.6390625 0.6296875 0.6328125
0 0.6546875 0.865625 0.690625 0.865625 0.690625 0.8734375 0.696875 0.875 0.696875 0.890625 0.703125 0.8921875 0.703125 0.909375 0.696875 0.9109375 0.696875 0.91875 0.690625 0.9203125 0.690625 0.9265625 0.6734375 0.9265625 0.6734375 0.9203125 0.6671875 0.91875 0.6671875 0.9109375 0.6609375 0.909375 0.6609375 0.8921875 0.6546875 0.890625 0.6546875 0.8671875
0 0.525 0.7390625 0.5359375 0.7390625 0.5359375 0.746875 0.5421875 0.7484375 0.54375 0.7578125 0.5484375 0.7578125 0.5484375 0.7734375 0.5546875 0.775 0.5546875 0.8015625 0.5484375 0.803125 0.5484375 0.809375 0.5375 0.809375 0.5359375 0.81875 0.51875 0.81875 0.51875 0.8109375 0.5125 0.809375 0.5109375 0.8015625 0.50625 0.8015625 0.50625 0.7671875 0.5125 0.765625 0.5125 0.7484375 0.5234375 0.7484375 0.525 0.740625
0 0.3953125 0.8296875 0.40625 0.8296875 0.40625 0.8375 0.4125 0.8390625 0.4140625 0.846875 0.41875 0.846875 0.41875 0.8828125 0.4125 0.884375 0.4125 0.890625 0.3828125 0.890625 0.3828125 0.884375 0.3765625 0.8828125 0.3765625 0.865625 0.371875 0.8640625 0.371875 0.846875 0.3765625 0.8453125 0.3765625 0.8390625 0.39375 0.8390625 0.3953125 0.83125
0 0.4265625 0.6671875 0.45 0.6671875 0.45 0.675 0.45625 0.6765625 0.45625 0.7015625 0.45 0.703125 0.45 0.7109375 0.4265625 0.7109375 0.425 0.7015625 0.4140625 0.7015625 0.4140625 0.6765625 0.425 0.6765625 0.4265625 0.66875
0 0.1546875 0.56875 0.184375 0.56875 0.184375 0.5765625 0.190625 0.578125 0.1921875 0.5859375 0.196875 0.5859375 0.196875 0.6203125 0.190625 0.621875 0.190625 0.6296875 0.1484375 0.6296875 0.1484375 0.621875 0.1421875 0.6203125 0.1421875 0.5859375 0.1484375 0.584375 0.1484375 0.578125 0.1546875 0.5765625 0.1546875 0.5703125
0 0.1859375 0.4609375 0.209375 0.4609375 0.2109375 0.46875 0.228125 0.46875 0.228125 0.503125 0.221875 0.5046875 0.221875 0.521875 0.1796875 0.521875 0.1796875 0.5140625 0.1734375 0.5125 0.1734375 0.496875 0.1671875 0.4953125 0.1671875 0.478125 0.1734375 0.4765625 0.1734375 0.46875 0.184375 0.46875 0.1859375 0.4625
0 0.4015625 0.5046875 0.425 0.5046875 0.425 0.5125 0.43125 0.5140625 0.43125 0.5390625 0.425 0.540625 0.425 0.5484375 0.4015625 0.5484375 0.4015625 0.540625 0.3953125 0.5390625 0.3953125 0.5140625 0.4015625 0.5125 0.4015625 0.50625
0 0.59375 0.6046875 0.6171875 0.6046875 0.6171875 0.6125 0.6234375 0.6140625 0.6234375 0.6484375 0.59375 0.6484375 0.59375 0.640625 0.5875 0.6390625 0.5875 0.6140625 0.59375 0.6125 0.59375 0.60625
0 0.6796875 0.5953125 0.690625 0.5953125 0.690625 0.603125 0.696875 0.6046875 0.696875 0.6296875 0.690625 0.63125 0.690625 0.6484375 0.6796875 0.6484375 0.678125 0.65625 0.6671875 0.65625 0.6671875 0.65 0.6609375 0.6484375 0.6609375 0.6140625 0.6671875 0.6125 0.6671875 0.6046875 0.678125 0.6046875 0.6796875 0.596875
0 0.4203125 0.4515625 0.4375 0.4515625 0.4375 0.459375 0.44375 0.4609375 0.44375 0.4953125 0.4328125 0.4953125 0.43125 0.503125 0.4203125 0.503125 0.4203125 0.496875 0.4140625 0.4953125 0.4140625 0.4875 0.4078125 0.4859375 0.4078125 0.46875 0.4140625 0.4671875 0.4140625 0.4609375 0.4203125 0.459375 0.4203125 0.453125
0 0.04375 0.9375 0.0671875 0.9375 0.0671875 0.9453125 0.0734375 0.946875 0.075 0.95625 0.0796875 0.95625 0.0796875 0.990625 0.0734375 0.9921875 0.0734375 0.9984375 0.03125 0.9984375 0.03125 0.9921875 0.025 0.990625 0.025 0.9640625 0.0296875 0.9640625 0.03125 0.95625 0.0375 0.9546875 0.0375 0.946875 0.04375 0.9453125 0.04375 0.9390625
0 0.365625 0.63125 0.39375 0.63125 0.39375 0.665625 0.3828125 0.665625 0.38125 0.675 0.371875 0.675 0.3703125 0.665625 0.359375 0.665625 0.359375 0.640625 0.365625 0.6390625 0.365625 0.6328125
0 0.809375 0.8109375 0.8390625 0.8109375 0.8390625 0.81875 0.8453125 0.8203125 0.8453125 0.8546875 0.8390625 0.85625 0.8390625 0.8640625 0.821875 0.8640625 0.8203125 0.8546875 0.809375 0.8546875 0.809375 0.8296875 0.803125 0.828125 0.803125 0.8203125 0.809375 0.81875 0.809375 0.8125
0 0.7046875 0.946875 0.734375 0.946875 0.734375 0.9546875 0.740625 0.95625 0.7421875 0.9640625 0.746875 0.9640625 0.746875 0.9984375 0.6859375 0.9984375 0.6859375 0.9734375 0.6921875 0.971875 0.6921875 0.9640625 0.6984375 0.9625 0.6984375 0.95625 0.7046875 0.9546875 0.7046875 0.9484375
0 0.04375 0.9015625 0.0734375 0.9015625 0.0734375 0.9265625 0.0671875 0.928125 0.0671875 0.9359375 0.05 0.9359375 0.0484375 0.9453125 0.03125 0.9453125 0.03125 0.9203125 0.0375 0.91875 0.0375 0.9109375 0.04375 0.909375 0.04375 0.903125
0 0.1125 0.4875 0.134375 0.4875 0.1359375 0.496875 0.146875 0.496875 0.146875 0.5390625 0.140625 0.540625 0.140625 0.5484375 0.11875 0.5484375 0.11875 0.540625 0.1125 0.5390625 0.1125 0.5328125 0.10625 0.53125 0.10625 0.5234375 0.1 0.521875 0.1 0.5140625 0.10625 0.5125 0.10625 0.496875 0.1125 0.4953125 0.1125 0.4890625
0 0.759375 0.946875 0.7953125 0.946875 0.796875 0.95625 0.8078125 0.95625 0.8078125 0.971875 0.8140625 0.9734375 0.8140625 0.9984375 0.7484375 0.9984375 0.7484375 0.95625 0.7578125 0.95625 0.759375 0.9484375
0 0.4640625 0.5953125 0.475 0.5953125 0.4765625 0.6046875 0.4875 0.6046875 0.4875 0.6390625 0.4578125 0.6390625 0.4578125 0.6046875 0.4640625 0.603125 0.4640625 0.596875
0 0.6125 0.56875 0.640625 0.56875 0.640625 0.5765625 0.646875 0.578125 0.646875 0.6125 0.6359375 0.6125 0.634375 0.6203125 0.625 0.6203125 0.625 0.6140625 0.61875 0.6125 0.61875 0.6046875 0.6125 0.603125 0.6125 0.5953125 0.60625 0.59375 0.60625 0.578125 0.6125 0.5765625 0.6125 0.5703125
0 0.1984375 0.540625 0.221875 0.540625 0.221875 0.5671875 0.215625 0.56875 0.215625 0.5765625 0.209375 0.578125 0.209375 0.584375 0.1984375 0.584375 0.1984375 0.578125 0.1921875 0.5765625 0.1921875 0.56875 0.1859375 0.5671875 0.1859375 0.559375 0.1921875 0.5578125 0.1921875 0.55 0.1984375 0.5484375 0.1984375 0.5421875