0 0.19540229885057472 0.19285714285714284 0.21839080459770113 0.20714285714285713 0.26436781609195403 0.20714285714285713 0.27586206896551724 0.2 0.27586206896551724 0.16428571428571428 0.24137931034482757 0.15 0.20689655172413796 0.15714285714285714 0.19540229885057472 0.17142857142857143 0.19540229885057472 0.19285714285714284
0 0.27586206896551724 0.15714285714285714 0.28735632183908044 0.17142857142857143 0.29885057471264365 0.17857142857142855 0.3448275862068965 0.17857142857142855 0.367816091954023 0.17142857142857143 0.3793103448275862 0.16428571428571428 0.3793103448275862 0.1357142857142857 0.3563218390804598 0.12142857142857141 0.29885057471264365 0.12142857142857141 0.27586206896551724 0.12857142857142856 0.27586206896551724 0.15714285714285714
0 0.4137931034482759 0.48571428571428565 0.43678160919540227 0.5 0.4942528735632184 0.5 0.5172413793103449 0.4714285714285714 0.5057471264367817 0.4428571428571428 0.4942528735632184 0.43571428571428567 0.4252873563218391 0.43571428571428567 0.4137931034482759 0.45 0.4137931034482759 0.48571428571428565
0 0.47126436781609193 0.7071428571428571 0.4942528735632184 0.7428571428571428 0.5402298850574713 0.7428571428571428 0.6551724137931034 0.7142857142857142 0.6551724137931034 0.6785714285714286 0.6436781609195402 0.6642857142857143 0.6206896551724138 0.6571428571428571 0.6091954022988506 0.6642857142857143 0.4942528735632184 0.6714285714285714 0.47126436781609193 0.6857142857142857 0.47126436781609193 0.7071428571428571
0 0.45977011494252873 0.6571428571428571 0.47126436781609193 0.6714285714285714 0.5287356321839081 0.6785714285714286 0.5632183908045977 0.6571428571428571 0.5517241379310345 0.6142857142857142 0.5402298850574713 0.6071428571428571 0.48275862068965514 0.6071428571428571 0.47126436781609193 0.6142857142857142 0.45977011494252873 0.6285714285714286 0.45977011494252873 0.6571428571428571
0 0.5747126436781609 0.7571428571428571 0.5977011494252873 0.7714285714285714 0.6436781609195402 0.7642857142857142 0.6551724137931034 0.7571428571428571 0.6551724137931034 0.7357142857142857 0.6436781609195402 0.7285714285714285 0.5747126436781609 0.7285714285714285 0.5747126436781609 0.7571428571428571
0 0.4942528735632184 0.7857142857142857 0.5287356321839081 0.8071428571428572 0.5632183908045977 0.8071428571428572 0.5862068965517241 0.8 0.5862068965517241 0.7714285714285714 0.5517241379310345 0.75 0.5057471264367817 0.7571428571428571 0.4942528735632184 0.7642857142857142 0.4942528735632184 0.7857142857142857
0 0.43678160919540227 0.8214285714285714 0.43678160919540227 0.8428571428571429 0.45977011494252873 0.8571428571428571 0.4942528735632184 0.8571428571428571 0.5172413793103449 0.8428571428571429 0.5287356321839081 0.8214285714285714 0.48275862068965514 0.7857142857142857 0.43678160919540227 0.8 0.4252873563218391 0.8142857142857143 0.43678160919540227 0.8214285714285714
0 0.5287356321839081 0.85 0.5517241379310345 0.8714285714285713 0.5862068965517241 0.8785714285714284 0.6091954022988506 0.8642857142857142 0.6206896551724138 0.8357142857142856 0.5977011494252873 0.8142857142857143 0.5632183908045977 0.8142857142857143 0.5402298850574713 0.8214285714285714 0.5402298850574713 0.8428571428571429 0.5287356321839081 0.85
0 0.632183908045977 0.8285714285714285 0.6551724137931034 0.8285714285714285 0.6781609195402298 0.8142857142857143 0.6781609195402298 0.7857142857142857 0.6551724137931034 0.7714285714285714 0.6091954022988506 0.7785714285714286 0.5977011494252873 0.8071428571428572 0.632183908045977 0.8285714285714285
0 0.05747126436781609 0.4428571428571428 0.08045977011494253 0.45 0.13793103448275862 0.45 0.14942528735632182 0.4428571428571428 0.14942528735632182 0.39285714285714285 0.12643678160919541 0.37857142857142856 0.08045977011494253 0.37857142857142856 0.05747126436781609 0.39285714285714285 0.04597701149425287 0.39285714285714285 0.034482758620689655 0.41428571428571426 0.05747126436781609 0.4428571428571428
0 0.08045977011494253 0.2357142857142857 0.10344827586206898 0.25 0.16091954022988506 0.25 0.1839080459770115 0.2357142857142857 0.1839080459770115 0.20714285714285713 0.14942528735632182 0.1857142857142857 0.10344827586206898 0.1857142857142857 0.09195402298850575 0.19285714285714284 0.08045977011494253 0.20714285714285713 0.08045977011494253 0.2357142857142857
0 0.022988505747126436 0.3 0.034482758620689655 0.3071428571428571 0.09195402298850575 0.3071428571428571 0.10344827586206898 0.2928571428571428 0.10344827586206898 0.2571428571428571 0.08045977011494253 0.24285714285714283 0.04597701149425287 0.24285714285714283 0.022988505747126436 0.2571428571428571 0.022988505747126436 0.3
0 0.4942528735632184 0.2928571428571428 0.5172413793103449 0.3071428571428571 0.5287356321839081 0.3071428571428571 0.5632183908045977 0.2928571428571428 0.5632183908045977 0.2642857142857143 0.5517241379310345 0.2571428571428571 0.5057471264367817 0.2571428571428571 0.4942528735632184 0.2642857142857143 0.4942528735632184 0.2928571428571428
0 0.4252873563218391 0.3142857142857143 0.43678160919540227 0.32857142857142857 0.44827586206896547 0.3357142857142857 0.4942528735632184 0.3357142857142857 0.5057471264367817 0.32857142857142857 0.5057471264367817 0.3142857142857143 0.48275862068965514 0.2857142857142857 0.43678160919540227 0.2857142857142857 0.4252873563218391 0.2928571428571428 0.4252873563218391 0.3142857142857143