1 0.6296875 0.0453125 0.640625 0.0453125 0.640625 0.0546875 0.646875 0.05625 0.646875 0.065625 0.653125 0.0671875 0.653125 0.1421875 0.646875 0.14375 0.646875 0.175 0.640625 0.1765625 0.640625 0.196875 0.6359375 0.196875 0.634375 0.2078125 0.628125 0.209375 0.628125 0.21875 0.6234375 0.2203125 0.6234375 0.2296875 0.6171875 0.23125 0.6171875 0.240625 0.60625 0.240625 0.6046875 0.2296875 0.59375 0.2296875 0.59375 0.2203125 0.6 0.21875 0.6 0.1984375 0.60625 0.196875 0.60625 0.1546875 0.6109375 0.1546875 0.6125 0.14375 0.61875 0.1421875 0.61875 0.121875 0.625 0.1203125 0.625 0.05625 0.6296875 0.0546875 0.6296875 0.046875
1 0.6 0.034375 0.6171875 0.034375 0.6171875 0.04375 0.6234375 0.0453125 0.6234375 0.0765625 0.628125 0.078125 0.628125 0.0875 0.6234375 0.0890625 0.6234375 0.13125 0.61875 0.13125 0.6171875 0.1421875 0.6109375 0.14375 0.6109375 0.1640625 0.6046875 0.165625 0.6046875 0.196875 0.5984375 0.1984375 0.5984375 0.2296875 0.6109375 0.23125 0.6109375 0.240625 0.6 0.240625 0.5984375 0.2515625 0.5859375 0.253125 0.5859375 0.2625 0.54375 0.2625 0.54375 0.2421875 0.5375 0.240625 0.5375 0.209375 0.54375 0.2078125 0.54375 0.1984375 0.5484375 0.1984375 0.55 0.1875 0.55625 0.1859375 0.55625 0.165625 0.5625 0.1640625 0.5625 0.1328125 0.56875 0.13125 0.56875 0.1109375 0.575 0.109375 0.575 0.05625 0.58125 0.0546875 0.58125 0.0453125 0.5984375 0.0453125 0.6 0.0359375
1 0.51875 0 0.5484375 0 0.5484375 0.04375 0.5421875 0.0453125 0.5421875 0.0875 0.5359375 0.0890625 0.5359375 0.0984375 0.5296875 0.1 0.5296875 0.109375 0.5234375 0.1109375 0.5234375 0.1203125 0.51875 0.1203125 0.51875 0.1 0.5125 0.0984375 0.5125 0.0890625 0.51875 0.0875 0.51875 0.0015625
1 0.625 0.3859375 0.653125 0.3859375 0.653125 0.40625 0.659375 0.4078125 0.659375 0.45 0.653125 0.4515625 0.653125 0.4828125 0.646875 0.484375 0.646875 0.515625 0.640625 0.5171875 0.640625 0.5375 0.634375 0.5390625 0.634375 0.559375 0.628125 0.5609375 0.628125 0.5703125 0.6234375 0.571875 0.6234375 0.58125 0.61875 0.58125 0.6171875 0.5921875 0.6109375 0.59375 0.6109375 0.603125 0.6171875 0.6046875 0.6171875 0.6140625 0.6109375 0.615625 0.6109375 0.6359375 0.6046875 0.6375 0.6046875 0.6703125 0.6 0.6703125 0.5984375 0.68125 0.5921875 0.6828125 0.5921875 0.703125 0.5859375 0.7046875 0.5859375 0.725 0.56875 0.725 0.5671875 0.7359375 0.5625 0.7359375 0.5625 0.7265625 0.55625 0.725 0.55625 0.69375 0.5625 0.6921875 0.5625 0.659375 0.56875 0.6578125 0.56875 0.6375 0.575 0.6359375 0.575 0.615625 0.58125 0.6140625 0.58125 0.59375 0.5875 0.5921875 0.5875 0.5609375 0.59375 0.559375 0.59375 0.528125 0.6 0.5265625 0.6 0.484375 0.60625 0.4828125 0.60625 0.4625 0.6125 0.4609375 0.6125 0.4515625 0.60625 0.45 0.60625 0.440625 0.6125 0.4390625 0.6125 0.4078125 0.61875 0.40625 0.61875 0.396875 0.625 0.3953125 0.625 0.3875
1 0.7109375 0.5390625 0.728125 0.5390625 0.728125 0.5484375 0.734375 0.55 0.734375 0.625 0.728125 0.6265625 0.728125 0.6359375 0.721875 0.6375 0.721875 0.646875 0.709375 0.6484375 0.709375 0.6578125 0.703125 0.659375 0.703125 0.6703125 0.696875 0.671875 0.696875 0.68125 0.684375 0.6828125 0.684375 0.6921875 0.678125 0.69375 0.678125 0.703125 0.6609375 0.703125 0.659375 0.7140625 0.6359375 0.7140625 0.6359375 0.69375 0.646875 0.69375 0.6484375 0.6828125 0.6546875 0.68125 0.6546875 0.6484375 0.6671875 0.646875 0.6671875 0.6375 0.6734375 0.6359375 0.6734375 0.6265625 0.678125 0.6265625 0.6796875 0.615625 0.6859375 0.6140625 0.6859375 0.59375 0.6921875 0.5921875 0.6921875 0.5828125 0.696875 0.5828125 0.6984375 0.571875 0.7046875 0.5703125 0.7046875 0.55 0.7109375 0.5484375 0.7109375 0.540625
1 0.346875 0.3078125 0.3703125 0.3078125 0.3703125 0.3171875 0.375 0.31875 0.375 0.340625 0.38125 0.3421875 0.38125 0.3515625 0.3875 0.353125 0.3875 0.40625 0.39375 0.4078125 0.39375 0.428125 0.4 0.4296875 0.4 0.45 0.40625 0.4515625 0.40625 0.4609375 0.4125 0.4625 0.4125 0.49375 0.425 0.4953125 0.425 0.5046875 0.43125 0.50625 0.43125 0.5265625 0.4375 0.528125 0.4375 0.5484375 0.43125 0.55 0.43125 0.559375 0.4140625 0.559375 0.4140625 0.55 0.4015625 0.5484375 0.4015625 0.5390625 0.3953125 0.5375 0.3953125 0.5171875 0.3890625 0.515625 0.3890625 0.4953125 0.3765625 0.49375 0.3765625 0.484375 0.371875 0.4828125 0.371875 0.4625 0.365625 0.4609375 0.365625 0.440625 0.359375 0.4390625 0.359375 0.4296875 0.353125 0.428125 0.353125 0.41875 0.346875 0.4171875 0.346875 0.396875 0.340625 0.3953125 0.340625 0.3421875 0.334375 0.340625 0.334375 0.3296875 0.340625 0.328125 0.340625 0.31875 0.346875 0.3171875 0.346875 0.309375
1 0.3953125 0.2859375 0.4125 0.2859375 0.4125 0.2953125 0.41875 0.296875 0.41875 0.30625 0.425 0.3078125 0.425 0.340625 0.43125 0.3421875 0.43125 0.3515625 0.4375 0.353125 0.4375 0.3953125 0.44375 0.396875 0.44375 0.428125 0.45 0.4296875 0.45 0.45 0.45625 0.4515625 0.45625 0.471875 0.4625 0.4734375 0.4625 0.4828125 0.46875 0.484375 0.46875 0.5046875 0.475 0.50625 0.475 0.5484375 0.48125 0.55 0.48125 0.5921875 0.4640625 0.5921875 0.4640625 0.571875 0.4515625 0.5703125 0.4515625 0.5609375 0.4453125 0.559375 0.4453125 0.55 0.4390625 0.5484375 0.4390625 0.528125 0.4328125 0.5265625 0.4328125 0.50625 0.4265625 0.5046875 0.425 0.49375 0.4140625 0.49375 0.4140625 0.484375 0.4203125 0.4828125 0.4203125 0.4734375 0.4140625 0.471875 0.4140625 0.4515625 0.4078125 0.45 0.4078125 0.440625 0.4015625 0.4390625 0.4015625 0.41875 0.3953125 0.4171875 0.3953125 0.2875
1 0.7171875 0.5390625 0.728125 0.5390625 0.728125 0.559375 0.734375 0.5609375 0.734375 0.6578125 0.728125 0.659375 0.728125 0.68125 0.7234375 0.68125 0.721875 0.6921875 0.715625 0.69375 0.715625 0.7140625 0.709375 0.715625 0.709375 0.725 0.703125 0.7265625 0.703125 0.7359375 0.696875 0.7375 0.696875 0.746875 0.684375 0.7484375 0.684375 0.7578125 0.678125 0.759375 0.678125 0.76875 0.6609375 0.76875 0.659375 0.7796875 0.6359375 0.7796875 0.634375 0.76875 0.61875 0.76875 0.61875 0.759375 0.60625 0.7578125 0.60625 0.7484375 0.6 0.746875 0.6 0.7375 0.60625 0.7359375 0.60625 0.715625 0.6234375 0.715625 0.625 0.7046875 0.665625 0.7046875 0.6671875 0.69375 0.684375 0.69375 0.6859375 0.6828125 0.6921875 0.68125 0.6921875 0.671875 0.6984375 0.6703125 0.6984375 0.659375 0.703125 0.659375 0.7046875 0.6484375 0.7109375 0.646875 0.7109375 0.6265625 0.715625 0.6265625 0.7171875 0.615625 0.7234375 0.6140625 0.7234375 0.6046875 0.7171875 0.603125 0.7171875 0.5609375 0.7234375 0.559375 0.7234375 0.55 0.7171875 0.5484375 0.7171875 0.540625
1 0.525 0.2859375 0.5546875 0.2859375 0.5546875 0.2953125 0.5609375 0.296875 0.5609375 0.340625 0.5671875 0.3421875 0.5671875 0.40625 0.5609375 0.4078125 0.5609375 0.45 0.5546875 0.4515625 0.5546875 0.5046875 0.5484375 0.50625 0.5484375 0.5375 0.5421875 0.5390625 0.5421875 0.5484375 0.53125 0.5484375 0.53125 0.5390625 0.525 0.5375 0.525 0.4734375 0.53125 0.471875 0.53125 0.440625 0.525 0.4390625 0.525 0.375 0.53125 0.3734375 0.53125 0.3421875 0.525 0.340625 0.525 0.2875
1 0.525 0.55 0.5359375 0.55 0.5359375 0.559375 0.5421875 0.5609375 0.5421875 0.5703125 0.5484375 0.571875 0.5484375 0.625 0.5546875 0.6265625 0.5546875 0.646875 0.5484375 0.6484375 0.5484375 0.6703125 0.51875 0.6703125 0.51875 0.659375 0.5125 0.6578125 0.5125 0.6375 0.50625 0.6359375 0.50625 0.571875 0.5125 0.5703125 0.5125 0.5609375 0.525 0.559375 0.525 0.5515625
1 0.2484375 0.0125 0.2640625 0.0125 0.265625 0.0234375 0.2765625 0.0234375 0.2765625 0.0328125 0.2828125 0.034375 0.2828125 0.04375 0.2953125 0.0453125 0.2953125 0.0546875 0.3015625 0.05625 0.3015625 0.065625 0.3140625 0.0671875 0.315625 0.078125 0.3265625 0.078125 0.328125 0.0890625 0.3578125 0.0890625 0.3578125 0.109375 0.3640625 0.1109375 0.3640625 0.13125 0.3578125 0.1328125 0.3578125 0.1421875 0.3515625 0.14375 0.3515625 0.153125 0.328125 0.153125 0.328125 0.14375 0.315625 0.1421875 0.3140625 0.13125 0.296875 0.13125 0.296875 0.121875 0.290625 0.1203125 0.290625 0.1109375 0.284375 0.109375 0.284375 0.1 0.278125 0.0984375 0.278125 0.0890625 0.265625 0.0875 0.265625 0.078125 0.259375 0.0765625 0.259375 0.0671875 0.2484375 0.065625 0.2484375 0.05625 0.2421875 0.0546875 0.2421875 0.0234375 0.2484375 0.021875 0.2484375 0.0140625
1 0.4515625 0.2640625 0.46875 0.2640625 0.46875 0.2734375 0.475 0.275 0.475 0.284375 0.48125 0.2859375 0.48125 0.3171875 0.4875 0.31875 0.4875 0.340625 0.49375 0.3421875 0.49375 0.4171875 0.4984375 0.41875 0.4984375 0.4609375 0.5046875 0.4625 0.5046875 0.4828125 0.5109375 0.484375 0.5109375 0.5484375 0.4890625 0.5484375 0.4890625 0.5390625 0.4828125 0.5375 0.4828125 0.5171875 0.4765625 0.515625 0.4765625 0.4953125 0.4703125 0.49375 0.4703125 0.484375 0.4640625 0.4828125 0.4640625 0.4625 0.4578125 0.4609375 0.4578125 0.41875 0.4515625 0.4171875 0.4515625 0.4078125 0.4578125 0.40625 0.4578125 0.353125 0.4515625 0.3515625 0.4515625 0.3296875 0.4453125 0.328125 0.4453125 0.275 0.4515625 0.2734375 0.4515625 0.265625
1 0.6 0.2421875 0.6171875 0.2421875 0.6171875 0.2734375 0.6234375 0.275 0.6234375 0.340625 0.6171875 0.3421875 0.6171875 0.3625 0.6109375 0.3640625 0.6109375 0.384375 0.59375 0.384375 0.59375 0.375 0.5875 0.3734375 0.5875 0.353125 0.58125 0.3515625 0.58125 0.2640625 0.59375 0.2625 0.59375 0.253125 0.6 0.2515625 0.6 0.24375
1 0.365625 0.5171875 0.38125 0.5171875 0.38125 0.5265625 0.3875 0.528125 0.3875 0.5375 0.39375 0.5390625 0.39375 0.5484375 0.40625 0.55 0.4078125 0.5609375 0.41875 0.5609375 0.4203125 0.571875 0.45625 0.571875 0.45625 0.5921875 0.4625 0.59375 0.4625 0.6140625 0.45625 0.615625 0.45625 0.6359375 0.45 0.6375 0.45 0.646875 0.4265625 0.646875 0.425 0.6359375 0.4140625 0.6359375 0.4125 0.625 0.4015625 0.625 0.4015625 0.615625 0.3953125 0.6140625 0.3953125 0.6046875 0.3890625 0.603125 0.3890625 0.59375 0.3828125 0.5921875 0.3828125 0.5828125 0.3765625 0.58125 0.3765625 0.571875 0.371875 0.5703125 0.371875 0.55 0.365625 0.5484375 0.365625 0.51875
1 0.6671875 0.7703125 0.684375 0.7703125 0.684375 0.790625 0.690625 0.7921875 0.690625 0.85625 0.684375 0.8578125 0.684375 0.8890625 0.678125 0.890625 0.678125 0.9 0.671875 0.9015625 0.671875 0.9109375 0.665625 0.9125 0.665625 0.921875 0.6546875 0.921875 0.6546875 0.9125 0.6484375 0.9109375 0.6484375 0.9015625 0.6421875 0.9 0.6421875 0.8578125 0.6484375 0.85625 0.6484375 0.8359375 0.6546875 0.834375 0.6546875 0.7921875 0.6609375 0.790625 0.6609375 0.78125 0.6671875 0.7796875 0.6671875 0.771875
1 0.4328125 0 0.46875 0 0.46875 0.04375 0.475 0.0453125 0.475 0.1203125 0.4703125 0.1203125 0.46875 0.13125 0.4625 0.1328125 0.4625 0.153125 0.45625 0.1546875 0.45625 0.175 0.4453125 0.175 0.4453125 0.165625 0.4390625 0.1640625 0.4390625 0.1546875 0.4328125 0.153125 0.4328125 0.121875 0.4265625 0.1203125 0.4265625 0.0125 0.4328125 0.0109375 0.4328125 0.0015625
1 0.56875 0.375 0.5859375 0.375 0.5859375 0.384375 0.5921875 0.3859375 0.5921875 0.40625 0.5984375 0.4078125 0.5984375 0.45 0.5921875 0.4515625 0.5921875 0.5484375 0.5859375 0.55 0.5859375 0.5921875 0.5796875 0.59375 0.5796875 0.6140625 0.5734375 0.615625 0.5734375 0.6359375 0.5671875 0.6375 0.5671875 0.6578125 0.5625 0.6578125 0.5625 0.6484375 0.55625 0.646875 0.55625 0.6046875 0.55 0.603125 0.55 0.55 0.54375 0.5484375 0.54375 0.528125 0.55 0.5265625 0.55 0.50625 0.55625 0.5046875 0.55625 0.4625 0.55 0.4609375 0.55 0.4515625 0.5625 0.45 0.5625 0.396875 0.56875 0.3953125 0.56875 0.3765625
1 0.328125 0 0.3703125 0 0.3703125 0.021875 0.38125 0.0234375 0.38125 0.04375 0.3875 0.0453125 0.3875 0.0875 0.38125 0.0890625 0.38125 0.0984375 0.3765625 0.0984375 0.375 0.0875 0.359375 0.0875 0.359375 0.078125 0.353125 0.0765625 0.353125 0.0671875 0.346875 0.065625 0.346875 0.05625 0.340625 0.0546875 0.340625 0.034375 0.334375 0.0328125 0.3328125 0.021875 0.328125 0.021875 0.328125 0.0015625
1 0.55625 0.0453125 0.5671875 0.0453125 0.5671875 0.0546875 0.5734375 0.05625 0.5734375 0.1203125 0.56875 0.1203125 0.5671875 0.13125 0.5609375 0.1328125 0.5609375 0.1640625 0.5546875 0.165625 0.5546875 0.1859375 0.5484375 0.1875 0.5484375 0.196875 0.54375 0.196875 0.5421875 0.2078125 0.5359375 0.209375 0.5359375 0.2296875 0.5296875 0.23125 0.5296875 0.240625 0.5359375 0.2421875 0.5359375 0.2515625 0.5421875 0.253125 0.5421875 0.2625 0.53125 0.2625 0.5296875 0.2515625 0.51875 0.2515625 0.5171875 0.2625 0.5125 0.2625 0.5109375 0.2515625 0.4953125 0.2515625 0.4953125 0.2421875 0.4890625 0.240625 0.4890625 0.1984375 0.4953125 0.196875 0.4953125 0.1875 0.5 0.1859375 0.5 0.1765625 0.50625 0.175 0.50625 0.1546875 0.5125 0.153125 0.5125 0.1328125 0.525 0.13125 0.525 0.1109375 0.53125 0.109375 0.53125 0.1 0.5359375 0.1 0.5375 0.0890625 0.54375 0.0875 0.54375 0.0671875 0.55 0.065625 0.55 0.05625 0.55625 0.0546875 0.55625 0.046875
1 0.4828125 0.078125 0.5109375 0.078125 0.5109375 0.153125 0.50625 0.153125 0.5046875 0.1640625 0.4984375 0.165625 0.4984375 0.1859375 0.49375 0.1875 0.49375 0.196875 0.4875 0.1984375 0.4875 0.2515625 0.4765625 0.2515625 0.475 0.2625 0.4640625 0.2625 0.4625 0.2515625 0.4515625 0.2515625 0.4515625 0.1765625 0.4578125 0.175 0.4578125 0.1546875 0.4640625 0.153125 0.4640625 0.1328125 0.4703125 0.13125 0.4703125 0.1109375 0.475 0.1109375 0.4765625 0.1 0.4828125 0.0984375 0.4828125 0.0796875
1 0.6546875 0.4953125 0.665625 0.4953125 0.665625 0.5046875 0.671875 0.50625 0.671875 0.58125 0.665625 0.5828125 0.665625 0.603125 0.659375 0.6046875 0.659375 0.625 0.653125 0.6265625 0.653125 0.6359375 0.646875 0.6375 0.646875 0.646875 0.6421875 0.646875 0.640625 0.6578125 0.634375 0.659375 0.634375 0.6703125 0.628125 0.671875 0.628125 0.68125 0.6234375 0.6828125 0.6234375 0.6921875 0.6171875 0.69375 0.6171875 0.703125 0.60625 0.703125 0.6046875 0.7140625 0.5875 0.7140625 0.5875 0.7046875 0.59375 0.703125 0.59375 0.6828125 0.6 0.68125 0.6 0.6484375 0.60625 0.646875 0.60625 0.6265625 0.6125 0.625 0.6125 0.59375 0.61875 0.5921875 0.61875 0.5828125 0.625 0.58125 0.625 0.571875 0.6296875 0.5703125 0.6296875 0.5609375 0.6359375 0.559375 0.6359375 0.5390625 0.6421875 0.5375 0.6421875 0.5171875 0.6484375 0.515625 0.6484375 0.50625 0.6546875 0.5046875 0.6546875 0.496875
1 0.4890625 0 0.5234375 0 0.5234375 0.021875 0.5171875 0.0234375 0.5171875 0.0765625 0.4890625 0.0765625 0.4875 0.0875 0.4828125 0.0875 0.4828125 0.0234375 0.4890625 0.021875 0.4890625 0.0015625