0 0.253125 0.5234375 0.2640625 0.5234375 0.2640625 0.5328125 0.2703125 0.534375 0.2703125 0.5546875 0.2765625 0.55625 0.2765625 0.5765625 0.2828125 0.578125 0.2828125 0.5984375 0.2890625 0.6 0.2890625 0.6109375 0.2953125 0.6125 0.2953125 0.621875 0.3015625 0.6234375 0.3015625 0.6328125 0.3078125 0.634375 0.3078125 0.64375 0.3203125 0.6453125 0.321875 0.65625 0.3328125 0.65625 0.334375 0.6671875 0.3515625 0.6671875 0.353125 0.678125 0.3640625 0.678125 0.3640625 0.6875 0.375 0.6890625 0.375 0.7109375 0.38125 0.7125 0.38125 0.7984375 0.375 0.8 0.375 0.821875 0.3703125 0.8234375 0.3703125 0.8328125 0.3640625 0.834375 0.3640625 0.8546875 0.3578125 0.85625 0.3578125 0.865625 0.3515625 0.8671875 0.3515625 0.8765625 0.3453125 0.878125 0.3453125 0.8875 0.3390625 0.8890625 0.3390625 0.8984375 0.3265625 0.9 0.3265625 0.9109375 0.2484375 0.9109375 0.246875 0.8984375 0.2234375 0.8984375 0.221875 0.8875 0.2109375 0.8875 0.209375 0.8765625 0.1984375 0.8765625 0.1984375 0.85625 0.1921875 0.8546875 0.1921875 0.8453125 0.1859375 0.84375 0.1859375 0.834375 0.1796875 0.8328125 0.1796875 0.8 0.1734375 0.7984375 0.1734375 0.7671875 0.1671875 0.765625 0.1671875 0.7125 0.1734375 0.7109375 0.1734375 0.678125 0.1796875 0.6765625 0.1796875 0.6453125 0.1859375 0.64375 0.1859375 0.6234375 0.190625 0.6234375 0.1921875 0.6125 0.1984375 0.6109375 0.1984375 0.6 0.2046875 0.5984375 0.2046875 0.5890625 0.2109375 0.5875 0.2109375 0.578125 0.2171875 0.5765625 0.2171875 0.5671875 0.2234375 0.565625 0.2234375 0.55625 0.2296875 0.5546875 0.2296875 0.5453125 0.240625 0.5453125 0.2421875 0.534375 0.2515625 0.534375 0.253125 0.525
0 0.828125 0.1671875 0.8390625 0.1671875 0.840625 0.178125 0.8515625 0.178125 0.8515625 0.1875 0.8578125 0.1890625 0.8578125 0.1984375 0.8640625 0.2 0.8640625 0.221875 0.8703125 0.2234375 0.8703125 0.2546875 0.875 0.25625 0.875 0.2984375 0.846875 0.2984375 0.8453125 0.2875 0.809375 0.2875 0.809375 0.25625 0.815625 0.2546875 0.815625 0.234375 0.821875 0.2328125 0.821875 0.1890625 0.828125 0.1875 0.828125 0.16875
0 0.4765625 0.0890625 0.48125 0.0890625 0.48125 0.0984375 0.4875 0.1 0.4875 0.1328125 0.49375 0.134375 0.49375 0.14375 0.4984375 0.1453125 0.4984375 0.165625 0.5046875 0.1671875 0.5046875 0.1765625 0.5109375 0.178125 0.5109375 0.1984375 0.5171875 0.2 0.5171875 0.221875 0.5234375 0.2234375 0.5234375 0.2328125 0.5296875 0.234375 0.5296875 0.24375 0.5359375 0.2453125 0.5359375 0.2546875 0.5421875 0.25625 0.5421875 0.2765625 0.53125 0.2765625 0.5296875 0.2875 0.4890625 0.2875 0.4890625 0.278125 0.4765625 0.2765625 0.4765625 0.2671875 0.4703125 0.265625 0.4703125 0.1 0.4765625 0.0984375 0.4765625 0.090625
0 0.4828125 0 0.709375 0 0.709375 0.14375 0.703125 0.1453125 0.703125 0.165625 0.696875 0.1671875 0.696875 0.1875 0.690625 0.1890625 0.690625 0.2109375 0.6796875 0.2109375 0.678125 0.221875 0.671875 0.2234375 0.671875 0.2328125 0.6546875 0.2328125 0.653125 0.24375 0.61875 0.24375 0.6171875 0.2546875 0.58125 0.2546875 0.5796875 0.265625 0.5625 0.265625 0.5609375 0.2546875 0.54375 0.2546875 0.5421875 0.24375 0.53125 0.24375 0.53125 0.234375 0.525 0.2328125 0.525 0.2125 0.51875 0.2109375 0.51875 0.2 0.5125 0.1984375 0.5125 0.1890625 0.50625 0.1875 0.50625 0.178125 0.5 0.1765625 0.5 0.1453125 0.4953125 0.14375 0.4953125 0.134375 0.4890625 0.1328125 0.4890625 0.0890625 0.4828125 0.0875 0.4828125 0.0015625
0 0.61875 0.25625 0.665625 0.25625 0.6671875 0.2671875 0.690625 0.2671875 0.6921875 0.278125 0.703125 0.278125 0.703125 0.2875 0.709375 0.2890625 0.709375 0.2984375 0.721875 0.3 0.721875 0.3109375 0.728125 0.3125 0.728125 0.321875 0.734375 0.3234375 0.734375 0.3328125 0.740625 0.334375 0.740625 0.3546875 0.746875 0.35625 0.746875 0.3765625 0.7515625 0.378125 0.7515625 0.4984375 0.746875 0.5 0.746875 0.54375 0.740625 0.5453125 0.740625 0.5765625 0.734375 0.578125 0.734375 0.5984375 0.728125 0.6 0.728125 0.6109375 0.721875 0.6125 0.721875 0.621875 0.715625 0.6234375 0.715625 0.6328125 0.709375 0.634375 0.709375 0.64375 0.6984375 0.64375 0.696875 0.6546875 0.684375 0.65625 0.684375 0.665625 0.678125 0.6671875 0.678125 0.6765625 0.6546875 0.6765625 0.653125 0.6875 0.6125 0.6875 0.6109375 0.6765625 0.59375 0.6765625 0.5921875 0.665625 0.58125 0.665625 0.58125 0.65625 0.575 0.6546875 0.575 0.6453125 0.5625 0.64375 0.5625 0.634375 0.55625 0.6328125 0.55625 0.6234375 0.55 0.621875 0.55 0.6125 0.54375 0.6109375 0.54375 0.5890625 0.5375 0.5875 0.5375 0.578125 0.53125 0.5765625 0.53125 0.55625 0.525 0.5546875 0.525 0.534375 0.51875 0.5328125 0.51875 0.478125 0.5125 0.4765625 0.5125 0.434375 0.51875 0.4328125 0.51875 0.3890625 0.525 0.3875 0.525 0.3671875 0.53125 0.365625 0.53125 0.3453125 0.5375 0.34375 0.5375 0.334375 0.54375 0.3328125 0.54375 0.3234375 0.5484375 0.3234375 0.55 0.3125 0.55625 0.3109375 0.55625 0.3 0.5625 0.2984375 0.5625 0.2890625 0.5734375 0.2890625 0.575 0.278125 0.5921875 0.278125 0.59375 0.2671875 0.6171875 0.2671875 0.61875 0.2578125
0 0.271875 0 0.475 0 0.475 0.0875 0.46875 0.0890625 0.46875 0.121875 0.4625 0.1234375 0.4625 0.1546875 0.45625 0.15625 0.45625 0.165625 0.4515625 0.165625 0.45 0.1765625 0.44375 0.178125 0.44375 0.1984375 0.4328125 0.1984375 0.43125 0.2109375 0.4140625 0.2109375 0.4125 0.221875 0.4 0.2234375 0.4 0.2328125 0.309375 0.2328125 0.309375 0.2234375 0.296875 0.221875 0.296875 0.2125 0.290625 0.2109375 0.290625 0.2 0.284375 0.1984375 0.284375 0.1890625 0.278125 0.1875 0.278125 0.178125 0.271875 0.1765625 0.271875 0.15625 0.265625 0.1546875 0.265625 0.134375 0.259375 0.1328125 0.259375 0.0671875 0.265625 0.065625 0.265625 0.0453125 0.271875 0.04375 0.271875 0.0015625
0 0.7171875 0 0.7765625 0 0.7765625 0.0109375 0.7890625 0.0125 0.7890625 0.0328125 0.7953125 0.034375 0.7953125 0.04375 0.8015625 0.0453125 0.8015625 0.0546875 0.8078125 0.05625 0.8078125 0.065625 0.8140625 0.0671875 0.8140625 0.0875 0.8203125 0.0890625 0.8203125 0.121875 0.8265625 0.1234375 0.8265625 0.1875 0.8203125 0.1890625 0.8203125 0.221875 0.8140625 0.2234375 0.8140625 0.2546875 0.8078125 0.25625 0.8078125 0.2765625 0.8015625 0.278125 0.8015625 0.2875 0.796875 0.2875 0.7953125 0.2984375 0.7890625 0.3 0.7890625 0.3109375 0.7765625 0.3125 0.7765625 0.321875 0.7703125 0.3234375 0.7703125 0.3328125 0.7640625 0.334375 0.7640625 0.34375 0.7484375 0.34375 0.7484375 0.334375 0.7421875 0.3328125 0.7421875 0.3234375 0.7359375 0.321875 0.7359375 0.3125 0.7296875 0.3109375 0.7296875 0.3 0.7171875 0.2984375 0.7171875 0.2890625 0.7109375 0.2875 0.7109375 0.278125 0.7046875 0.2765625 0.7046875 0.2671875 0.6984375 0.265625 0.6984375 0.2453125 0.6921875 0.24375 0.6921875 0.2 0.6984375 0.1984375 0.6984375 0.178125 0.7046875 0.1765625 0.7046875 0.15625 0.7109375 0.1546875 0.7109375 0.1125 0.7171875 0.1109375 0.7171875 0.05625 0.7109375 0.0546875 0.7109375 0.0125 0.7171875 0.0109375 0.7171875 0.0015625
0 0.1609375 0.3 0.203125 0.3 0.2046875 0.3125 0.221875 0.3125 0.221875 0.321875 0.228125 0.3234375 0.228125 0.3328125 0.240625 0.334375 0.240625 0.3546875 0.2515625 0.35625 0.2515625 0.3765625 0.2578125 0.378125 0.2578125 0.3875 0.2640625 0.3890625 0.2640625 0.4984375 0.2578125 0.5 0.2578125 0.521875 0.2484375 0.521875 0.246875 0.5328125 0.2359375 0.5328125 0.234375 0.54375 0.221875 0.5453125 0.221875 0.5546875 0.215625 0.55625 0.215625 0.565625 0.209375 0.5671875 0.209375 0.5765625 0.203125 0.578125 0.203125 0.5875 0.196875 0.5890625 0.196875 0.6109375 0.190625 0.6125 0.190625 0.621875 0.184375 0.6234375 0.184375 0.6328125 0.178125 0.634375 0.178125 0.64375 0.171875 0.6453125 0.171875 0.6546875 0.1546875 0.6546875 0.153125 0.64375 0.1421875 0.64375 0.140625 0.6328125 0.1296875 0.6328125 0.1296875 0.6234375 0.125 0.621875 0.125 0.6125 0.11875 0.6109375 0.11875 0.6 0.1125 0.5984375 0.1125 0.5890625 0.10625 0.5875 0.10625 0.5671875 0.1 0.565625 0.1 0.534375 0.09375 0.5328125 0.09375 0.4234375 0.1 0.421875 0.1 0.3890625 0.10625 0.3875 0.10625 0.3671875 0.1125 0.365625 0.1125 0.35625 0.11875 0.3546875 0.11875 0.3453125 0.125 0.34375 0.125 0.334375 0.1359375 0.3328125 0.1359375 0.3234375 0.1421875 0.321875 0.1421875 0.3125 0.159375 0.3125 0.1609375 0.3015625
0 0.5 0.578125 0.5171875 0.578125 0.5171875 0.5875 0.5234375 0.5890625 0.5234375 0.5984375 0.5359375 0.6 0.5359375 0.6109375 0.5421875 0.6125 0.5421875 0.621875 0.5484375 0.6234375 0.5484375 0.6328125 0.5546875 0.634375 0.5546875 0.64375 0.5609375 0.6453125 0.5609375 0.6546875 0.5671875 0.65625 0.5671875 0.665625 0.5734375 0.6671875 0.5734375 0.6765625 0.575 0.678125 0.5921875 0.678125 0.5921875 0.6875 0.6046875 0.6890625 0.6046875 0.6984375 0.6109375 0.7 0.6109375 0.7109375 0.6171875 0.7125 0.6171875 0.8328125 0.6109375 0.834375 0.6109375 0.865625 0.6046875 0.8671875 0.6046875 0.8875 0.6 0.8875 0.5984375 0.8984375 0.5921875 0.9 0.5921875 0.9109375 0.5859375 0.9125 0.5859375 0.921875 0.5796875 0.9234375 0.5796875 0.9328125 0.4640625 0.9328125 0.4625 0.921875 0.4453125 0.921875 0.44375 0.9109375 0.4328125 0.9109375 0.4328125 0.8890625 0.4265625 0.8875 0.4265625 0.878125 0.4203125 0.8765625 0.4203125 0.8671875 0.4140625 0.865625 0.4140625 0.834375 0.4078125 0.8328125 0.4078125 0.7234375 0.4140625 0.721875 0.4140625 0.6890625 0.4203125 0.6875 0.4203125 0.6671875 0.43125 0.6671875 0.4328125 0.65625 0.4390625 0.6546875 0.4390625 0.6453125 0.4515625 0.64375 0.4515625 0.634375 0.4578125 0.6328125 0.4578125 0.6234375 0.46875 0.6234375 0.4703125 0.6125 0.4828125 0.6109375 0.4828125 0.6 0.4953125 0.5984375 0.4953125 0.5890625 0.5 0.5875 0.5 0.5796875
0 0.2359375 0.0890625 0.2515625 0.0890625 0.2515625 0.121875 0.2578125 0.1234375 0.2578125 0.14375 0.2640625 0.1453125 0.2640625 0.165625 0.2703125 0.1671875 0.2703125 0.1765625 0.2765625 0.178125 0.2765625 0.1984375 0.2828125 0.2 0.2828125 0.2109375 0.2890625 0.2125 0.2890625 0.221875 0.3015625 0.2234375 0.303125 0.234375 0.3203125 0.234375 0.3203125 0.24375 0.3265625 0.2453125 0.3265625 0.265625 0.3203125 0.2671875 0.3203125 0.2765625 0.3140625 0.278125 0.3140625 0.2875 0.3015625 0.2890625 0.3015625 0.3109375 0.2953125 0.3125 0.2953125 0.321875 0.290625 0.321875 0.2890625 0.3328125 0.2828125 0.334375 0.2828125 0.3546875 0.2765625 0.35625 0.2765625 0.365625 0.265625 0.365625 0.2640625 0.3546875 0.253125 0.3546875 0.253125 0.3453125 0.2484375 0.34375 0.2484375 0.334375 0.2421875 0.3328125 0.2421875 0.3234375 0.2359375 0.321875 0.2359375 0.3125 0.2296875 0.3109375 0.2296875 0.3 0.2234375 0.2984375 0.2234375 0.278125 0.2171875 0.2765625 0.2171875 0.25625 0.2109375 0.2546875 0.2109375 0.2125 0.2046875 0.2109375 0.2046875 0.178125 0.2109375 0.1765625 0.2109375 0.1453125 0.2171875 0.14375 0.2171875 0.1234375 0.2234375 0.121875 0.2234375 0.1125 0.2296875 0.1109375 0.2296875 0.1 0.2359375 0.0984375 0.2359375 0.090625
0 0.753125 0.5453125 0.7765625 0.5453125 0.778125 0.55625 0.7890625 0.55625 0.790625 0.5671875 0.8015625 0.5671875 0.8015625 0.5765625 0.8078125 0.578125 0.8078125 0.5875 0.8203125 0.5890625 0.8203125 0.5984375 0.8265625 0.6 0.8265625 0.621875 0.8328125 0.6234375 0.8328125 0.6328125 0.8390625 0.634375 0.8390625 0.6546875 0.8453125 0.65625 0.8453125 0.665625 0.8515625 0.6671875 0.8515625 0.6984375 0.8578125 0.7 0.8578125 0.765625 0.8640625 0.7671875 0.8640625 0.7765625 0.8578125 0.778125 0.8578125 0.821875 0.8515625 0.8234375 0.8515625 0.84375 0.8453125 0.8453125 0.8453125 0.865625 0.8390625 0.8671875 0.8390625 0.8765625 0.8328125 0.878125 0.8328125 0.8875 0.8265625 0.8890625 0.8265625 0.8984375 0.815625 0.8984375 0.8140625 0.9109375 0.8015625 0.9125 0.8015625 0.921875 0.765625 0.921875 0.7640625 0.9328125 0.7171875 0.9328125 0.715625 0.921875 0.6859375 0.921875 0.6859375 0.9125 0.6796875 0.9109375 0.6796875 0.9 0.6671875 0.8984375 0.6671875 0.8890625 0.6609375 0.8875 0.6609375 0.878125 0.6546875 0.8765625 0.6546875 0.85625 0.6484375 0.8546875 0.6484375 0.834375 0.6421875 0.8328125 0.6421875 0.7890625 0.6359375 0.7875 0.6359375 0.7234375 0.6421875 0.721875 0.6421875 0.7 0.653125 0.7 0.6546875 0.6890625 0.690625 0.6890625 0.6921875 0.6875 0.6921875 0.6671875 0.6984375 0.665625 0.6984375 0.65625 0.7109375 0.6546875 0.7109375 0.6453125 0.7171875 0.64375 0.7171875 0.634375 0.7234375 0.6328125 0.7234375 0.6234375 0.7296875 0.621875 0.7296875 0.6125 0.740625 0.6125 0.7421875 0.6 0.7484375 0.5984375 0.7484375 0.578125 0.753125 0.5765625 0.753125 0.546875
0 0.815625 0.2890625 0.8203125 0.2890625 0.821875 0.3 0.8703125 0.3 0.8703125 0.3109375 0.88125 0.3125 0.88125 0.321875 0.8875 0.3234375 0.8890625 0.334375 0.9 0.334375 0.9015625 0.3453125 0.91875 0.3453125 0.91875 0.365625 0.925 0.3671875 0.925 0.3875 0.93125 0.3890625 0.93125 0.421875 0.9375 0.4234375 0.9375 0.465625 0.94375 0.4671875 0.94375 0.521875 0.9375 0.5234375 0.9375 0.5546875 0.93125 0.55625 0.93125 0.5765625 0.925 0.578125 0.925 0.5875 0.9203125 0.5875 0.91875 0.5984375 0.9125 0.6 0.9125 0.6109375 0.90625 0.6125 0.90625 0.621875 0.9 0.6234375 0.9 0.6328125 0.89375 0.634375 0.89375 0.64375 0.8875 0.6453125 0.8875 0.6546875 0.871875 0.6546875 0.8703125 0.665625 0.853125 0.665625 0.853125 0.65625 0.846875 0.6546875 0.846875 0.6453125 0.840625 0.64375 0.840625 0.6234375 0.834375 0.621875 0.834375 0.6125 0.828125 0.6109375 0.828125 0.6 0.821875 0.5984375 0.821875 0.578125 0.809375 0.5765625 0.809375 0.5671875 0.803125 0.565625 0.803125 0.55625 0.790625 0.5546875 0.7890625 0.54375 0.765625 0.54375 0.7640625 0.5328125 0.753125 0.5328125 0.753125 0.4453125 0.759375 0.44375 0.759375 0.3890625 0.765625 0.3875 0.765625 0.3671875 0.771875 0.365625 0.771875 0.35625 0.778125 0.3546875 0.778125 0.3453125 0.784375 0.34375 0.784375 0.334375 0.790625 0.3328125 0.790625 0.3234375 0.7953125 0.3234375 0.796875 0.3125 0.803125 0.3109375 0.803125 0.3 0.8140625 0.3 0.815625 0.290625
0 0.340625 0.25625 0.4125 0.25625 0.4140625 0.2671875 0.43125 0.2671875 0.4328125 0.278125 0.45 0.278125 0.45 0.2875 0.45625 0.2890625 0.45625 0.2984375 0.4625 0.3 0.4625 0.3109375 0.46875 0.3125 0.46875 0.321875 0.475 0.3234375 0.475 0.3328125 0.48125 0.334375 0.48125 0.34375 0.4875 0.3453125 0.4875 0.365625 0.49375 0.3671875 0.49375 0.3875 0.4984375 0.3890625 0.4984375 0.4109375 0.5046875 0.4125 0.5046875 0.5109375 0.4984375 0.5125 0.4984375 0.5328125 0.49375 0.534375 0.49375 0.5546875 0.4875 0.55625 0.4875 0.565625 0.48125 0.5671875 0.48125 0.5765625 0.475 0.578125 0.475 0.5875 0.4703125 0.5875 0.46875 0.5984375 0.4625 0.6 0.4625 0.6109375 0.45625 0.6125 0.45625 0.621875 0.4453125 0.621875 0.44375 0.6328125 0.4375 0.634375 0.4375 0.64375 0.4265625 0.64375 0.425 0.6546875 0.4125 0.65625 0.4125 0.665625 0.359375 0.665625 0.3578125 0.6546875 0.334375 0.6546875 0.3328125 0.64375 0.321875 0.64375 0.321875 0.634375 0.315625 0.6328125 0.315625 0.6234375 0.303125 0.621875 0.303125 0.6125 0.296875 0.6109375 0.296875 0.6 0.290625 0.5984375 0.290625 0.578125 0.284375 0.5765625 0.284375 0.55625 0.278125 0.5546875 0.278125 0.534375 0.271875 0.5328125 0.271875 0.4 0.278125 0.3984375 0.278125 0.378125 0.284375 0.3765625 0.284375 0.35625 0.290625 0.3546875 0.290625 0.334375 0.296875 0.3328125 0.296875 0.3125 0.303125 0.3109375 0.303125 0.3 0.309375 0.2984375 0.309375 0.2890625 0.3203125 0.2890625 0.321875 0.278125 0.328125 0.2765625 0.328125 0.2671875 0.3390625 0.2671875 0.340625 0.2578125
0 0.4765625 0.0890625 0.48125 0.0890625 0.48125 0.1109375 0.4875 0.1125 0.4875 0.1328125 0.49375 0.134375 0.49375 0.1546875 0.4984375 0.15625 0.4984375 0.1765625 0.5046875 0.178125 0.5046875 0.1875 0.5109375 0.1890625 0.5109375 0.1984375 0.5171875 0.2 0.5171875 0.221875 0.5234375 0.2234375 0.5234375 0.2328125 0.5296875 0.234375 0.5296875 0.24375 0.5359375 0.2453125 0.5359375 0.2546875 0.5421875 0.25625 0.5421875 0.265625 0.5546875 0.2671875 0.5546875 0.2765625 0.5484375 0.278125 0.5484375 0.2875 0.54375 0.2875 0.5421875 0.2984375 0.5359375 0.3 0.5359375 0.3328125 0.5296875 0.334375 0.5296875 0.3546875 0.5234375 0.35625 0.5234375 0.3765625 0.5171875 0.378125 0.5171875 0.3984375 0.5109375 0.4 0.5109375 0.4109375 0.50625 0.4109375 0.50625 0.3890625 0.5 0.3875 0.5 0.378125 0.4953125 0.3765625 0.4953125 0.35625 0.4890625 0.3546875 0.4890625 0.3453125 0.4828125 0.34375 0.4828125 0.3234375 0.4765625 0.321875 0.4765625 0.3125 0.4703125 0.3109375 0.4703125 0.2890625 0.4640625 0.2875 0.4625 0.2765625 0.4515625 0.2765625 0.45 0.265625 0.4328125 0.265625 0.4328125 0.25625 0.4265625 0.2546875 0.4265625 0.2234375 0.4328125 0.221875 0.4328125 0.2125 0.4453125 0.2109375 0.4453125 0.2 0.4515625 0.1984375 0.4515625 0.178125 0.4578125 0.1765625 0.4578125 0.1671875 0.4625 0.1671875 0.4640625 0.15625 0.4703125 0.1546875 0.4703125 0.1125 0.4765625 0.1109375 0.4765625 0.090625
0 0.1984375 0.1453125 0.209375 0.1453125 0.209375 0.1765625 0.203125 0.178125 0.203125 0.2109375 0.209375 0.2125 0.209375 0.2546875 0.215625 0.25625 0.215625 0.2765625 0.221875 0.278125 0.221875 0.3109375 0.2109375 0.3109375 0.209375 0.2984375 0.1609375 0.2984375 0.1609375 0.234375 0.1671875 0.2328125 0.1671875 0.2 0.1734375 0.1984375 0.1734375 0.178125 0.1859375 0.1765625 0.1859375 0.1671875 0.1921875 0.165625 0.1921875 0.15625 0.1984375 0.1546875 0.1984375 0.146875