1 0.4765625 0.1 0.49375 0.1 0.4953125 0.1109375 0.5 0.109375 0.5 0.1 0.5046875 0.1 0.5046875 0.109375 0.5109375 0.1109375 0.5109375 0.1640625 0.5171875 0.165625 0.5171875 0.2078125 0.5109375 0.209375 0.5109375 0.2625 0.5046875 0.2640625 0.5046875 0.284375 0.4984375 0.2859375 0.4984375 0.2953125 0.4890625 0.2953125 0.4890625 0.23125 0.4828125 0.2296875 0.4828125 0.165625 0.4765625 0.1640625 0.4765625 0.1328125 0.4703125 0.13125 0.4703125 0.1109375 0.4765625 0.109375 0.4765625 0.1015625
1 0 0.1765625 0.0109375 0.1765625 0.0109375 0.1859375 0.0171875 0.1875 0.0171875 0.196875 0.0296875 0.1984375 0.0296875 0.2078125 0.0359375 0.209375 0.0359375 0.21875 0.0421875 0.2203125 0.0421875 0.240625 0.0484375 0.2421875 0.0484375 0.328125 0.0421875 0.3296875 0.0421875 0.3734375 0.03125 0.3734375 0.0296875 0.3625 0 0.3625 0 0.178125
1 0.1546875 0.4515625 0.171875 0.4515625 0.171875 0.471875 0.178125 0.4734375 0.178125 0.5046875 0.184375 0.50625 0.184375 0.5375 0.178125 0.5390625 0.178125 0.5484375 0.171875 0.55 0.171875 0.559375 0.159375 0.5609375 0.159375 0.5703125 0.1421875 0.5703125 0.1421875 0.5609375 0.1359375 0.559375 0.1359375 0.55 0.1296875 0.5484375 0.1296875 0.5390625 0.125 0.5375 0.125 0.528125 0.11875 0.5265625 0.11875 0.50625 0.125 0.5046875 0.125 0.4953125 0.1296875 0.49375 0.1296875 0.484375 0.1421875 0.4828125 0.1421875 0.4734375 0.1484375 0.471875 0.1484375 0.4625 0.1546875 0.4609375 0.1546875 0.453125
1 0.08125 0.5171875 0.1109375 0.5171875 0.1109375 0.5265625 0.1171875 0.528125 0.1171875 0.5375 0.1234375 0.5390625 0.1234375 0.559375 0.128125 0.5609375 0.128125 0.5703125 0.134375 0.571875 0.134375 0.5921875 0.128125 0.59375 0.128125 0.603125 0.1234375 0.6046875 0.1234375 0.6140625 0.1171875 0.615625 0.1171875 0.625 0.10625 0.625 0.1046875 0.6359375 0.1 0.6359375 0.0984375 0.625 0.04375 0.625 0.0421875 0.6140625 0.03125 0.6140625 0.0296875 0.603125 0.01875 0.603125 0.01875 0.5828125 0.0359375 0.5828125 0.0375 0.571875 0.05 0.5703125 0.05 0.5609375 0.05625 0.559375 0.05625 0.55 0.0671875 0.55 0.06875 0.5390625 0.08125 0.5375 0.08125 0.51875
1 0.025 0.0234375 0.0484375 0.0234375 0.0484375 0.04375 0.0546875 0.0453125 0.0546875 0.0765625 0.0609375 0.078125 0.0609375 0.0984375 0.0546875 0.1 0.0546875 0.1203125 0.0484375 0.121875 0.0484375 0.175 0.0421875 0.1765625 0.0421875 0.196875 0.0375 0.196875 0.0359375 0.2078125 0.03125 0.2078125 0.03125 0.1984375 0.025 0.196875 0.025 0.1875 0.0125 0.1859375 0.0125 0.1765625 0.00625 0.175 0.00625 0.165625 0 0.1640625 0 0.0671875 0.00625 0.065625 0.00625 0.05625 0.0125 0.0546875 0.0125 0.0453125 0.01875 0.04375 0.01875 0.034375 0.025 0.0328125 0.025 0.025
1 0.4578125 0.55 0.46875 0.55 0.4703125 0.5609375 0.48125 0.5609375 0.4828125 0.571875 0.49375 0.571875 0.49375 0.625 0.4875 0.6265625 0.4875 0.6578125 0.48125 0.659375 0.48125 0.6703125 0.46875 0.671875 0.46875 0.68125 0.4625 0.6828125 0.4625 0.6921875 0.45625 0.69375 0.45625 0.703125 0.4453125 0.703125 0.44375 0.7140625 0.43125 0.715625 0.43125 0.725 0.3890625 0.725 0.3890625 0.7046875 0.3953125 0.703125 0.3953125 0.69375 0.4078125 0.6921875 0.4078125 0.671875 0.4140625 0.6703125 0.4140625 0.659375 0.4203125 0.6578125 0.4203125 0.6484375 0.4265625 0.646875 0.4265625 0.6375 0.43125 0.6375 0.4328125 0.6265625 0.4390625 0.625 0.4390625 0.6046875 0.4453125 0.603125 0.4453125 0.5828125 0.4515625 0.58125 0.4515625 0.5609375 0.4578125 0.559375 0.4578125 0.5515625
1 0.00625 0.59375 0.0234375 0.59375 0.0234375 0.603125 0.0359375 0.6046875 0.0375 0.615625 0.0546875 0.615625 0.0546875 0.625 0.0609375 0.6265625 0.0625 0.6375 0.1109375 0.6375 0.1109375 0.646875 0.1171875 0.6484375 0.1171875 0.6703125 0.1109375 0.671875 0.1109375 0.6921875 0.1046875 0.69375 0.1046875 0.746875 0.0984375 0.7484375 0.0984375 0.7578125 0.0625 0.7578125 0.0609375 0.76875 0.05 0.76875 0.0484375 0.7578125 0.01875 0.7578125 0.0171875 0.746875 0 0.746875 0 0.6046875 0.00625 0.603125 0.00625 0.5953125
1 0.2171875 0.1109375 0.240625 0.1109375 0.240625 0.1203125 0.2421875 0.121875 0.2578125 0.121875 0.2578125 0.13125 0.2703125 0.1328125 0.271875 0.14375 0.3203125 0.14375 0.321875 0.1328125 0.3265625 0.1328125 0.3265625 0.196875 0.3203125 0.1984375 0.3203125 0.21875 0.309375 0.21875 0.3078125 0.2296875 0.296875 0.2296875 0.2953125 0.240625 0.2828125 0.2421875 0.2828125 0.2515625 0.265625 0.2515625 0.2640625 0.2625 0.2234375 0.2625 0.2234375 0.253125 0.2171875 0.2515625 0.2171875 0.1765625 0.2109375 0.175 0.2109375 0.14375 0.2171875 0.1421875 0.2171875 0.1125
1 0.0625 0.5828125 0.0671875 0.5828125 0.0671875 0.603125 0.0796875 0.6046875 0.08125 0.615625 0.0921875 0.615625 0.09375 0.6265625 0.1109375 0.6265625 0.1125 0.615625 0.11875 0.6140625 0.11875 0.6046875 0.128125 0.6046875 0.1296875 0.59375 0.134375 0.59375 0.134375 0.603125 0.140625 0.6046875 0.140625 0.625 0.146875 0.6265625 0.146875 0.6359375 0.153125 0.6375 0.153125 0.646875 0.159375 0.6484375 0.159375 0.6578125 0.1609375 0.659375 0.196875 0.659375 0.196875 0.725 0.190625 0.7265625 0.190625 0.746875 0.1796875 0.746875 0.178125 0.7578125 0.0625 0.7578125 0.0609375 0.76875 0.04375 0.76875 0.0421875 0.7578125 0.01875 0.7578125 0.0171875 0.746875 0 0.746875 0 0.6046875 0.00625 0.603125 0.00625 0.59375 0.0359375 0.59375 0.0375 0.6046875 0.0484375 0.6046875 0.05 0.59375 0.0609375 0.59375 0.0625 0.584375
1 0.334375 0.14375 0.39375 0.14375 0.39375 0.1640625 0.4 0.165625 0.4 0.196875 0.40625 0.1984375 0.40625 0.3625 0.4 0.3640625 0.4 0.3953125 0.39375 0.396875 0.39375 0.428125 0.3875 0.4296875 0.3875 0.45 0.375 0.4515625 0.375 0.471875 0.3703125 0.4734375 0.3703125 0.4828125 0.3640625 0.484375 0.3640625 0.49375 0.3578125 0.4953125 0.3578125 0.5046875 0.3515625 0.50625 0.3515625 0.515625 0.3453125 0.5171875 0.3453125 0.5265625 0.3390625 0.528125 0.3390625 0.5375 0.3265625 0.5390625 0.3265625 0.5484375 0.3203125 0.55 0.3203125 0.559375 0.278125 0.559375 0.278125 0.55 0.271875 0.5484375 0.271875 0.5390625 0.265625 0.5375 0.265625 0.528125 0.259375 0.5265625 0.259375 0.50625 0.253125 0.5046875 0.253125 0.484375 0.2484375 0.4828125 0.2484375 0.4734375 0.2421875 0.471875 0.2421875 0.4515625 0.2484375 0.45 0.2484375 0.4296875 0.2578125 0.4296875 0.259375 0.41875 0.2703125 0.41875 0.271875 0.4078125 0.278125 0.40625 0.278125 0.375 0.284375 0.3734375 0.284375 0.353125 0.290625 0.3515625 0.290625 0.3296875 0.296875 0.328125 0.296875 0.31875 0.303125 0.3171875 0.303125 0.3078125 0.3078125 0.3078125 0.309375 0.296875 0.315625 0.2953125 0.315625 0.275 0.321875 0.2734375 0.321875 0.2421875 0.328125 0.240625 0.328125 0.165625 0.334375 0.1640625 0.334375 0.1453125
1 0.01875 0.396875 0.0421875 0.396875 0.0421875 0.4171875 0.0484375 0.41875 0.0484375 0.428125 0.0546875 0.4296875 0.0546875 0.45 0.0609375 0.4515625 0.0609375 0.4609375 0.0671875 0.4625 0.0671875 0.4828125 0.0796875 0.484375 0.0796875 0.49375 0.0859375 0.4953125 0.0859375 0.515625 0.0796875 0.5171875 0.0796875 0.5265625 0.0734375 0.528125 0.0734375 0.5375 0.0671875 0.5390625 0.0671875 0.5484375 0.0609375 0.55 0.0609375 0.559375 0.05 0.559375 0.0484375 0.5703125 0.03125 0.5703125 0.0296875 0.58125 0.0125 0.58125 0.0109375 0.5921875 0 0.5921875 0 0.41875 0.0171875 0.41875 0.01875 0.4171875 0.01875 0.3984375
1 0.1984375 0 0.3703125 0 0.3703125 0.021875 0.3640625 0.0234375 0.3640625 0.0765625 0.3578125 0.078125 0.3578125 0.0984375 0.3515625 0.1 0.3515625 0.109375 0.3453125 0.1109375 0.3453125 0.1203125 0.3328125 0.121875 0.3328125 0.13125 0.3265625 0.1328125 0.3265625 0.1421875 0.271875 0.1421875 0.271875 0.1328125 0.259375 0.13125 0.259375 0.121875 0.253125 0.1203125 0.253125 0.1109375 0.2484375 0.109375 0.246875 0.0984375 0.2234375 0.0984375 0.221875 0.0875 0.2109375 0.0875 0.2109375 0.05625 0.2046875 0.0546875 0.2046875 0.0234375 0.1984375 0.021875 0.1984375 0.0015625
1 0.4015625 0.4296875 0.40625 0.4296875 0.40625 0.4390625 0.4125 0.440625 0.4140625 0.4515625 0.425 0.4515625 0.425 0.4609375 0.43125 0.4625 0.4328125 0.4734375 0.45 0.4734375 0.45 0.5046875 0.45625 0.50625 0.45625 0.5265625 0.45 0.528125 0.45 0.5703125 0.44375 0.571875 0.44375 0.5921875 0.4375 0.59375 0.4375 0.625 0.43125 0.6265625 0.43125 0.6359375 0.425 0.6375 0.425 0.646875 0.4203125 0.646875 0.41875 0.6578125 0.4125 0.659375 0.4125 0.6703125 0.40625 0.671875 0.40625 0.68125 0.4 0.6828125 0.4 0.6921875 0.3875 0.69375 0.3875 0.703125 0.38125 0.7046875 0.38125 0.7140625 0.371875 0.7140625 0.3703125 0.725 0.346875 0.725 0.3453125 0.7359375 0.334375 0.7359375 0.3328125 0.746875 0.3203125 0.7484375 0.3203125 0.7578125 0.296875 0.7578125 0.2953125 0.746875 0.278125 0.746875 0.2765625 0.7359375 0.259375 0.7359375 0.259375 0.7265625 0.253125 0.725 0.253125 0.715625 0.2484375 0.7140625 0.2484375 0.7046875 0.2421875 0.703125 0.2421875 0.6828125 0.2359375 0.68125 0.2359375 0.659375 0.2296875 0.6578125 0.2296875 0.615625 0.2234375 0.6140625 0.2234375 0.50625 0.2296875 0.5046875 0.2296875 0.484375 0.240625 0.484375 0.240625 0.49375 0.246875 0.4953125 0.246875 0.515625 0.2515625 0.5171875 0.2515625 0.5265625 0.2578125 0.528125 0.2578125 0.5375 0.2640625 0.5390625 0.2640625 0.5484375 0.2703125 0.55 0.2703125 0.559375 0.2828125 0.5609375 0.284375 0.571875 0.3140625 0.571875 0.315625 0.5609375 0.328125 0.559375 0.328125 0.55 0.334375 0.5484375 0.334375 0.5390625 0.340625 0.5375 0.340625 0.528125 0.353125 0.5265625 0.353125 0.50625 0.359375 0.5046875 0.359375 0.4953125 0.3640625 0.4953125 0.365625 0.484375 0.371875 0.4828125 0.371875 0.4734375 0.3765625 0.471875 0.3765625 0.4625 0.3828125 0.4609375 0.3828125 0.4515625 0.3890625 0.45 0.3890625 0.440625 0.4 0.440625 0.4015625 0.43125
1 0 0 0.0171875 0 0.0171875 0.0328125 0.0109375 0.034375 0.0109375 0.0546875 0.0046875 0.05625 0.0046875 0.0765625 0 0.0765625 0 0.0015625
1 0.4390625 0.0890625 0.45625 0.0890625 0.45625 0.0984375 0.4625 0.1 0.4625 0.109375 0.46875 0.1109375 0.46875 0.13125 0.475 0.1328125 0.475 0.1640625 0.48125 0.165625 0.48125 0.2296875 0.4875 0.23125 0.4875 0.3515625 0.48125 0.353125 0.48125 0.3625 0.4390625 0.3625 0.4390625 0.353125 0.4265625 0.3515625 0.4265625 0.3421875 0.4140625 0.340625 0.4140625 0.3296875 0.4078125 0.328125 0.4078125 0.31875 0.4140625 0.3171875 0.4140625 0.2421875 0.4078125 0.240625 0.4078125 0.1875 0.4015625 0.1859375 0.4015625 0.1546875 0.3953125 0.153125 0.3953125 0.1328125 0.4015625 0.13125 0.4015625 0.1109375 0.4078125 0.109375 0.4078125 0.1 0.4375 0.1 0.4390625 0.090625
1 0.5125 0.3859375 0.5296875 0.3859375 0.5296875 0.3953125 0.5359375 0.396875 0.5359375 0.428125 0.5421875 0.4296875 0.5421875 0.49375 0.5359375 0.4953125 0.5359375 0.515625 0.5296875 0.5171875 0.5296875 0.5265625 0.5 0.5265625 0.5 0.50625 0.4953125 0.5046875 0.4953125 0.4953125 0.5 0.49375 0.5 0.4625 0.4953125 0.4609375 0.4953125 0.41875 0.5 0.4171875 0.5 0.4078125 0.50625 0.40625 0.50625 0.396875 0.5125 0.3953125 0.5125 0.3875
1 0.1 0.23125 0.1171875 0.23125 0.1171875 0.240625 0.1234375 0.2421875 0.1234375 0.2515625 0.128125 0.253125 0.128125 0.2625 0.134375 0.2640625 0.134375 0.2734375 0.140625 0.275 0.140625 0.284375 0.146875 0.2859375 0.146875 0.2953125 0.153125 0.296875 0.153125 0.30625 0.159375 0.3078125 0.159375 0.3171875 0.165625 0.31875 0.165625 0.328125 0.171875 0.3296875 0.171875 0.340625 0.178125 0.3421875 0.178125 0.3625 0.184375 0.3640625 0.184375 0.40625 0.1796875 0.40625 0.178125 0.4171875 0.171875 0.41875 0.171875 0.4390625 0.165625 0.440625 0.165625 0.45 0.159375 0.4515625 0.159375 0.4609375 0.153125 0.4625 0.153125 0.471875 0.140625 0.4734375 0.140625 0.4828125 0.134375 0.484375 0.134375 0.49375 0.1234375 0.4953125 0.1234375 0.5046875 0.09375 0.5046875 0.0921875 0.49375 0.08125 0.49375 0.08125 0.484375 0.075 0.4828125 0.075 0.4734375 0.06875 0.471875 0.06875 0.4625 0.0625 0.4609375 0.0625 0.440625 0.05625 0.4390625 0.05625 0.41875 0.05 0.4171875 0.05 0.4078125 0.04375 0.40625 0.04375 0.3640625 0.05 0.3625 0.05 0.296875 0.05625 0.2953125 0.05625 0.2859375 0.0734375 0.2859375 0.075 0.275 0.0875 0.2734375 0.0875 0.2640625 0.09375 0.2625 0.09375 0.253125 0.1 0.2515625 0.1 0.2328125
1 0.1 0.890625 0.1109375 0.890625 0.1125 0.9015625 0.140625 0.9015625 0.1421875 0.9125 0.159375 0.9125 0.159375 0.921875 0.165625 0.9234375 0.165625 0.9546875 0.171875 0.95625 0.171875 0.965625 0.178125 0.9671875 0.178125 0.9984375 0.075 0.9984375 0.075 0.978125 0.08125 0.9765625 0.08125 0.9234375 0.0875 0.921875 0.0875 0.9015625 0.0984375 0.9015625 0.1 0.8921875