0 0.271875 0.69375 0.284375 0.69375 0.2859375 0.7 0.35625 0.7 0.3578125 0.69375 0.384375 0.69375 0.384375 0.6984375 0.3921875 0.7 0.3921875 0.70625 0.3984375 0.7078125 0.3984375 0.7203125 0.40625 0.721875 0.40625 0.7421875 0.4 0.7421875 0.3984375 0.7484375 0.3921875 0.75 0.3921875 0.75625 0.3859375 0.75625 0.384375 0.7640625 0.3796875 0.7640625 0.378125 0.7703125 0.371875 0.7703125 0.3703125 0.778125 0.365625 0.778125 0.3640625 0.784375 0.35625 0.7859375 0.35625 0.7921875 0.3484375 0.79375 0.3484375 0.8140625 0.3421875 0.815625 0.3421875 0.878125 0.3359375 0.878125 0.334375 0.884375 0.321875 0.884375 0.3203125 0.878125 0.3078125 0.878125 0.30625 0.8703125 0.29375 0.8703125 0.2921875 0.8640625 0.2859375 0.8640625 0.2859375 0.8578125 0.2796875 0.85625 0.2796875 0.85 0.271875 0.8484375 0.271875 0.84375 0.265625 0.8421875 0.265625 0.8296875 0.2578125 0.828125 0.2578125 0.815625 0.25 0.8140625 0.25 0.8 0.24375 0.7984375 0.2421875 0.7921875 0.2359375 0.7921875 0.2359375 0.74375 0.24375 0.7421875 0.24375 0.7296875 0.25 0.728125 0.25 0.715625 0.25625 0.715625 0.2578125 0.7078125 0.2640625 0.7078125 0.265625 0.7 0.2703125 0.7 0.271875 0.6953125
0 0.64375 0.315625 0.684375 0.315625 0.6859375 0.321875 0.70625 0.321875 0.7078125 0.3296875 0.728125 0.3296875 0.7296875 0.3359375 0.7421875 0.3359375 0.74375 0.34375 0.75625 0.34375 0.7578125 0.35 0.7640625 0.35 0.7640625 0.3640625 0.7703125 0.365625 0.7703125 0.4140625 0.7640625 0.415625 0.7640625 0.428125 0.7578125 0.428125 0.75625 0.434375 0.7484375 0.4359375 0.7484375 0.4484375 0.7421875 0.45 0.7421875 0.45625 0.7296875 0.45625 0.728125 0.4640625 0.721875 0.4640625 0.7203125 0.4703125 0.65 0.4703125 0.6484375 0.4640625 0.6296875 0.4640625 0.6296875 0.4578125 0.621875 0.45625 0.621875 0.45 0.615625 0.4484375 0.6140625 0.4421875 0.6078125 0.4421875 0.6078125 0.421875 0.6 0.4203125 0.6 0.3578125 0.6078125 0.35625 0.6078125 0.34375 0.6140625 0.34375 0.615625 0.3359375 0.6203125 0.3359375 0.621875 0.3296875 0.634375 0.3296875 0.6359375 0.321875 0.6421875 0.321875 0.64375 0.3171875
0 0.2296875 0.665625 0.2484375 0.665625 0.25 0.671875 0.25625 0.671875 0.2578125 0.6796875 0.2640625 0.6796875 0.2640625 0.70625 0.2578125 0.70625 0.25625 0.7140625 0.2484375 0.715625 0.2484375 0.728125 0.24375 0.728125 0.2421875 0.734375 0.234375 0.7359375 0.234375 0.75625 0.221875 0.75625 0.221875 0.75 0.215625 0.7484375 0.2140625 0.7421875 0.2078125 0.7421875 0.20625 0.734375 0.2 0.734375 0.2 0.721875 0.19375 0.7203125 0.19375 0.7078125 0.1859375 0.70625 0.1859375 0.6859375 0.1984375 0.6859375 0.2 0.6796875 0.2140625 0.6796875 0.215625 0.671875 0.228125 0.671875 0.2296875 0.6671875
0 0.471875 0.115625 0.50625 0.115625 0.5078125 0.121875 0.5484375 0.121875 0.55 0.1296875 0.5703125 0.1296875 0.571875 0.1359375 0.584375 0.1359375 0.584375 0.1421875 0.5921875 0.14375 0.5921875 0.15625 0.5984375 0.1578125 0.5984375 0.178125 0.60625 0.1796875 0.60625 0.1984375 0.5984375 0.2 0.5984375 0.2203125 0.5921875 0.221875 0.5921875 0.228125 0.5 0.228125 0.5 0.1859375 0.49375 0.184375 0.49375 0.1578125 0.4859375 0.15625 0.4859375 0.14375 0.4796875 0.1421875 0.4796875 0.1359375 0.471875 0.134375 0.471875 0.1296875 0.465625 0.128125 0.465625 0.121875 0.4703125 0.121875 0.471875 0.1171875
0 0.6 0.69375 0.6203125 0.69375 0.621875 0.7 0.6421875 0.7 0.64375 0.7078125 0.65625 0.7078125 0.65625 0.7140625 0.6640625 0.715625 0.6640625 0.7203125 0.6703125 0.721875 0.6703125 0.734375 0.678125 0.7359375 0.678125 0.7421875 0.684375 0.74375 0.684375 0.75625 0.6921875 0.7578125 0.6921875 0.828125 0.684375 0.8296875 0.684375 0.8484375 0.678125 0.85 0.678125 0.85625 0.6703125 0.8578125 0.6703125 0.8703125 0.6640625 0.871875 0.6640625 0.878125 0.6578125 0.878125 0.65625 0.884375 0.65 0.884375 0.6484375 0.8921875 0.6359375 0.8921875 0.634375 0.8984375 0.621875 0.8984375 0.6203125 0.90625 0.5578125 0.90625 0.5578125 0.865625 0.565625 0.8640625 0.565625 0.8296875 0.5578125 0.828125 0.5578125 0.8 0.55 0.7984375 0.55 0.7796875 0.54375 0.778125 0.54375 0.765625 0.5359375 0.7640625 0.5359375 0.75 0.5296875 0.7484375 0.528125 0.7421875 0.521875 0.7421875 0.521875 0.721875 0.534375 0.721875 0.5359375 0.715625 0.5640625 0.715625 0.565625 0.7078125 0.578125 0.7078125 0.5796875 0.7 0.5984375 0.7 0.6 0.6953125
0 0.515625 0.2296875 0.584375 0.2296875 0.5859375 0.2359375 0.5984375 0.2359375 0.5984375 0.2421875 0.60625 0.24375 0.6078125 0.25 0.6140625 0.25 0.6140625 0.25625 0.6203125 0.2578125 0.621875 0.265625 0.628125 0.265625 0.628125 0.278125 0.634375 0.2796875 0.634375 0.2984375 0.6421875 0.3 0.6421875 0.30625 0.634375 0.3078125 0.634375 0.3203125 0.628125 0.321875 0.628125 0.328125 0.621875 0.328125 0.6203125 0.334375 0.6140625 0.3359375 0.6140625 0.3421875 0.6078125 0.3421875 0.60625 0.3484375 0.5984375 0.35 0.5984375 0.384375 0.5921875 0.3859375 0.5921875 0.3984375 0.5859375 0.3984375 0.584375 0.40625 0.571875 0.40625 0.5703125 0.4140625 0.5359375 0.4140625 0.5359375 0.4078125 0.5296875 0.40625 0.528125 0.3984375 0.515625 0.3984375 0.5140625 0.3921875 0.49375 0.3921875 0.49375 0.3859375 0.4859375 0.384375 0.4859375 0.3796875 0.4796875 0.378125 0.4796875 0.371875 0.471875 0.3703125 0.471875 0.365625 0.465625 0.3640625 0.465625 0.34375 0.4578125 0.3421875 0.4578125 0.29375 0.465625 0.2921875 0.465625 0.2796875 0.471875 0.278125 0.471875 0.265625 0.4796875 0.2640625 0.4796875 0.2578125 0.4859375 0.25625 0.4859375 0.25 0.4921875 0.25 0.49375 0.24375 0.5 0.2421875 0.5 0.2359375 0.5140625 0.2359375 0.515625 0.23125
0 0.2796875 0.15 0.3203125 0.15 0.3203125 0.2203125 0.315625 0.2203125 0.3140625 0.2140625 0.3078125 0.2140625 0.30625 0.20625 0.29375 0.20625 0.2921875 0.1984375 0.2796875 0.1984375 0.278125 0.1921875 0.265625 0.1921875 0.2640625 0.184375 0.25 0.184375 0.25 0.171875 0.25625 0.171875 0.2578125 0.165625 0.2703125 0.165625 0.271875 0.1578125 0.278125 0.1578125 0.2796875 0.1515625
0 0.4796875 0.39375 0.484375 0.39375 0.4859375 0.4 0.5140625 0.4 0.515625 0.4078125 0.528125 0.4078125 0.528125 0.4140625 0.534375 0.415625 0.5359375 0.421875 0.5421875 0.421875 0.5421875 0.428125 0.5484375 0.4296875 0.55 0.4359375 0.55625 0.4359375 0.55625 0.45625 0.5640625 0.4578125 0.5640625 0.478125 0.5703125 0.4796875 0.5703125 0.5140625 0.5640625 0.515625 0.5640625 0.534375 0.55625 0.5359375 0.55625 0.5484375 0.55 0.5484375 0.5484375 0.55625 0.5359375 0.55625 0.534375 0.5640625 0.521875 0.5640625 0.5203125 0.5703125 0.5140625 0.571875 0.5140625 0.578125 0.5 0.578125 0.4984375 0.584375 0.4921875 0.5859375 0.4921875 0.5921875 0.465625 0.5921875 0.4640625 0.5984375 0.4578125 0.5984375 0.45625 0.5921875 0.4296875 0.5921875 0.428125 0.584375 0.415625 0.584375 0.4140625 0.578125 0.4 0.578125 0.4 0.571875 0.39375 0.5703125 0.3921875 0.5640625 0.3859375 0.5640625 0.3859375 0.55 0.3796875 0.5484375 0.3796875 0.5359375 0.371875 0.534375 0.371875 0.515625 0.365625 0.5140625 0.365625 0.4796875 0.371875 0.478125 0.371875 0.4578125 0.378125 0.4578125 0.3796875 0.45 0.384375 0.45 0.3859375 0.44375 0.3921875 0.44375 0.39375 0.4359375 0.3984375 0.4359375 0.4 0.4296875 0.4078125 0.428125 0.4078125 0.421875 0.4203125 0.421875 0.421875 0.415625 0.428125 0.415625 0.4296875 0.4078125 0.4421875 0.4078125 0.44375 0.4 0.478125 0.4 0.4796875 0.3953125
0 0.64375 0.6796875 0.6703125 0.6796875 0.671875 0.6859375 0.678125 0.6859375 0.678125 0.6984375 0.684375 0.7 0.684375 0.70625 0.6921875 0.7078125 0.6921875 0.7140625 0.6984375 0.715625 0.7 0.721875 0.70625 0.721875 0.70625 0.728125 0.7140625 0.7296875 0.7140625 0.734375 0.7203125 0.7359375 0.721875 0.74375 0.734375 0.74375 0.7359375 0.75 0.7484375 0.75 0.7484375 0.7640625 0.75625 0.765625 0.75625 0.7703125 0.7484375 0.771875 0.7484375 0.784375 0.74375 0.784375 0.7421875 0.7921875 0.7359375 0.7921875 0.734375 0.7984375 0.728125 0.8 0.728125 0.80625 0.7 0.80625 0.7 0.8 0.69375 0.7984375 0.69375 0.7578125 0.6859375 0.75625 0.6859375 0.74375 0.6796875 0.7421875 0.6796875 0.7296875 0.671875 0.728125 0.671875 0.721875 0.665625 0.7203125 0.6640625 0.7140625 0.6578125 0.7140625 0.6578125 0.7078125 0.65 0.70625 0.6484375 0.6984375 0.6359375 0.6984375 0.6359375 0.6859375 0.6421875 0.6859375 0.64375 0.68125
0 0.3796875 0.1078125 0.434375 0.1078125 0.4359375 0.115625 0.4484375 0.115625 0.45 0.121875 0.4640625 0.121875 0.4640625 0.128125 0.4703125 0.1296875 0.471875 0.1359375 0.478125 0.1359375 0.478125 0.1484375 0.484375 0.15 0.484375 0.1640625 0.4921875 0.165625 0.4921875 0.234375 0.484375 0.2359375 0.484375 0.2484375 0.478125 0.25 0.478125 0.25625 0.4703125 0.2578125 0.4703125 0.2640625 0.465625 0.2640625 0.4640625 0.2703125 0.45625 0.271875 0.45625 0.278125 0.45 0.278125 0.4484375 0.284375 0.371875 0.284375 0.3703125 0.278125 0.3578125 0.278125 0.3578125 0.271875 0.35 0.2703125 0.35 0.265625 0.34375 0.2640625 0.3421875 0.25625 0.3359375 0.25625 0.3359375 0.24375 0.3296875 0.2421875 0.3296875 0.221875 0.321875 0.2203125 0.321875 0.165625 0.3296875 0.1640625 0.3296875 0.15 0.3359375 0.1484375 0.3359375 0.1359375 0.3421875 0.1359375 0.34375 0.1296875 0.35 0.128125 0.35 0.121875 0.3640625 0.121875 0.365625 0.115625 0.378125 0.115625 0.3796875 0.109375
0 0.5578125 0.55 0.5640625 0.55 0.565625 0.5578125 0.578125 0.5578125 0.578125 0.5703125 0.584375 0.571875 0.5859375 0.5796875 0.5921875 0.5796875 0.5921875 0.5984375 0.5984375 0.6 0.5984375 0.6140625 0.60625 0.615625 0.60625 0.628125 0.6140625 0.6296875 0.6140625 0.6484375 0.60625 0.65 0.60625 0.678125 0.6 0.678125 0.5984375 0.684375 0.5859375 0.684375 0.584375 0.6921875 0.5796875 0.6921875 0.578125 0.6984375 0.55 0.6984375 0.5484375 0.70625 0.49375 0.70625 0.4921875 0.6984375 0.4796875 0.6984375 0.4796875 0.69375 0.471875 0.6921875 0.471875 0.6859375 0.465625 0.684375 0.4640625 0.678125 0.4578125 0.678125 0.45625 0.6703125 0.45 0.6703125 0.45 0.64375 0.484375 0.64375 0.4859375 0.65 0.4984375 0.65 0.5 0.6578125 0.5484375 0.6578125 0.55 0.65 0.55625 0.65 0.5578125 0.64375 0.565625 0.6421875 0.565625 0.621875 0.5578125 0.6203125 0.5578125 0.6078125 0.55 0.60625 0.55 0.5859375 0.54375 0.584375 0.54375 0.565625 0.5484375 0.565625 0.55 0.5578125 0.55625 0.5578125 0.5578125 0.5515625
0 0.75 0.315625 0.7921875 0.315625 0.7921875 0.3203125 0.7984375 0.321875 0.7984375 0.328125 0.80625 0.3296875 0.80625 0.3421875 0.8140625 0.34375 0.8140625 0.3703125 0.771875 0.3703125 0.771875 0.3578125 0.765625 0.35625 0.765625 0.35 0.7578125 0.3484375 0.75625 0.3421875 0.75 0.3421875 0.7484375 0.334375 0.7359375 0.334375 0.7359375 0.3296875 0.7421875 0.3296875 0.74375 0.321875 0.7484375 0.321875 0.75 0.3171875
0 0.64375 0.171875 0.7140625 0.171875 0.715625 0.1796875 0.728125 0.1796875 0.728125 0.184375 0.734375 0.1859375 0.734375 0.1921875 0.7421875 0.19375 0.7421875 0.20625 0.7484375 0.2078125 0.75 0.215625 0.75625 0.215625 0.75625 0.234375 0.7640625 0.2359375 0.7640625 0.284375 0.7578125 0.284375 0.75625 0.2984375 0.7484375 0.3 0.7484375 0.3140625 0.7359375 0.3140625 0.734375 0.3203125 0.7078125 0.3203125 0.70625 0.3140625 0.665625 0.3140625 0.6640625 0.30625 0.65 0.30625 0.65 0.3 0.64375 0.2984375 0.64375 0.2859375 0.6359375 0.284375 0.6359375 0.271875 0.6296875 0.2703125 0.628125 0.2640625 0.621875 0.2640625 0.621875 0.2578125 0.615625 0.25625 0.615625 0.25 0.6078125 0.2484375 0.6078125 0.2359375 0.6 0.234375 0.6 0.2296875 0.6078125 0.228125 0.6078125 0.2078125 0.6140625 0.2078125 0.615625 0.2 0.6203125 0.2 0.621875 0.19375 0.628125 0.19375 0.6296875 0.1859375 0.634375 0.1859375 0.6359375 0.1796875 0.6421875 0.1796875 0.64375 0.1734375
0 0.4296875 0.65 0.4421875 0.65 0.4421875 0.65625 0.4484375 0.6578125 0.4484375 0.6703125 0.45625 0.671875 0.45625 0.678125 0.4640625 0.6796875 0.4640625 0.684375 0.4703125 0.6859375 0.4703125 0.6921875 0.478125 0.69375 0.4796875 0.7 0.4921875 0.7 0.4921875 0.70625 0.4984375 0.7078125 0.4984375 0.7203125 0.4921875 0.721875 0.4921875 0.728125 0.415625 0.728125 0.4140625 0.7203125 0.4078125 0.7203125 0.40625 0.7140625 0.4 0.7140625 0.4 0.6796875 0.40625 0.6796875 0.4078125 0.671875 0.4140625 0.671875 0.415625 0.665625 0.421875 0.6640625 0.421875 0.6578125 0.4296875 0.65625 0.4296875 0.6515625
0 0.3796875 0.29375 0.434375 0.29375 0.4359375 0.3 0.4421875 0.3 0.4421875 0.30625 0.4484375 0.3078125 0.4484375 0.3203125 0.45625 0.321875 0.45625 0.3484375 0.4640625 0.35 0.4640625 0.3703125 0.4703125 0.371875 0.4703125 0.3921875 0.4578125 0.3921875 0.45625 0.3984375 0.4359375 0.3984375 0.434375 0.40625 0.4078125 0.40625 0.4078125 0.39375 0.39375 0.3921875 0.39375 0.3796875 0.3796875 0.378125 0.3796875 0.371875 0.371875 0.3703125 0.371875 0.3578125 0.3796875 0.35625 0.3796875 0.34375 0.371875 0.3421875 0.371875 0.3359375 0.365625 0.334375 0.3640625 0.328125 0.3578125 0.328125 0.3578125 0.3078125 0.3703125 0.3078125 0.371875 0.3 0.378125 0.3 0.3796875 0.2953125
0 0.3078125 0.5296875 0.328125 0.5296875 0.3296875 0.5359375 0.3640625 0.5359375 0.3640625 0.5421875 0.3703125 0.54375 0.371875 0.55 0.378125 0.55 0.378125 0.55625 0.384375 0.5578125 0.384375 0.5640625 0.3921875 0.565625 0.3921875 0.5703125 0.3984375 0.571875 0.3984375 0.578125 0.40625 0.5796875 0.40625 0.584375 0.4140625 0.5859375 0.4140625 0.5921875 0.4203125 0.59375 0.4203125 0.6484375 0.4140625 0.65 0.4140625 0.6640625 0.4078125 0.6640625 0.40625 0.6703125 0.4 0.6703125 0.3984375 0.678125 0.39375 0.678125 0.3921875 0.684375 0.365625 0.684375 0.3640625 0.6921875 0.34375 0.6921875 0.3421875 0.6984375 0.29375 0.6984375 0.2921875 0.6921875 0.2796875 0.6921875 0.278125 0.684375 0.265625 0.684375 0.2640625 0.678125 0.2578125 0.678125 0.2578125 0.665625 0.25 0.6640625 0.25 0.65 0.24375 0.6484375 0.24375 0.5859375 0.25 0.584375 0.25 0.571875 0.25625 0.571875 0.2578125 0.565625 0.265625 0.5640625 0.265625 0.55 0.278125 0.55 0.2796875 0.54375 0.2859375 0.5421875 0.2859375 0.5359375 0.30625 0.5359375 0.3078125 0.53125
0 0.215625 0.1859375 0.2640625 0.1859375 0.265625 0.19375 0.278125 0.19375 0.2796875 0.2 0.2921875 0.2 0.2921875 0.20625 0.2984375 0.2078125 0.2984375 0.2140625 0.30625 0.215625 0.3078125 0.221875 0.3140625 0.221875 0.3140625 0.228125 0.3203125 0.2296875 0.321875 0.2359375 0.328125 0.2359375 0.328125 0.2484375 0.334375 0.25 0.334375 0.2703125 0.3421875 0.271875 0.3421875 0.2984375 0.334375 0.3 0.334375 0.3140625 0.328125 0.315625 0.328125 0.328125 0.321875 0.328125 0.3203125 0.334375 0.3140625 0.3359375 0.3140625 0.3421875 0.3078125 0.3421875 0.30625 0.3484375 0.3 0.3484375 0.2984375 0.35625 0.29375 0.35625 0.2921875 0.3640625 0.2859375 0.3640625 0.284375 0.3703125 0.271875 0.3703125 0.2703125 0.378125 0.221875 0.378125 0.2203125 0.3703125 0.2078125 0.3703125 0.2078125 0.365625 0.2 0.3640625 0.2 0.3578125 0.19375 0.35625 0.19375 0.35 0.1859375 0.3484375 0.1859375 0.34375 0.1796875 0.3421875 0.178125 0.334375 0.171875 0.334375 0.171875 0.321875 0.165625 0.3203125 0.1640625 0.3140625 0.1578125 0.3140625 0.1578125 0.2859375 0.15 0.284375 0.15 0.265625 0.1578125 0.2640625 0.1578125 0.2359375 0.165625 0.234375 0.165625 0.221875 0.1703125 0.221875 0.171875 0.215625 0.1796875 0.2140625 0.1796875 0.2078125 0.1859375 0.20625 0.1859375 0.2 0.1984375 0.2 0.2 0.19375 0.2140625 0.19375 0.215625 0.1875
0 0.171875 0.5078125 0.228125 0.5078125 0.228125 0.5140625 0.234375 0.515625 0.2359375 0.521875 0.2421875 0.521875 0.2421875 0.528125 0.2484375 0.5296875 0.25 0.5359375 0.25625 0.5359375 0.25625 0.5640625 0.2484375 0.565625 0.2484375 0.584375 0.2421875 0.5859375 0.2421875 0.6421875 0.234375 0.64375 0.234375 0.6640625 0.2296875 0.6640625 0.228125 0.6703125 0.2078125 0.6703125 0.20625 0.678125 0.171875 0.678125 0.1703125 0.6703125 0.1578125 0.6703125 0.15625 0.6640625 0.14375 0.6640625 0.14375 0.6578125 0.1359375 0.65625 0.1359375 0.65 0.1296875 0.6484375 0.128125 0.6421875 0.121875 0.6421875 0.1203125 0.634375 0.115625 0.634375 0.115625 0.621875 0.1078125 0.6203125 0.1078125 0.55 0.115625 0.5484375 0.115625 0.5359375 0.1203125 0.5359375 0.121875 0.5296875 0.128125 0.5296875 0.1296875 0.521875 0.1421875 0.521875 0.14375 0.515625 0.1703125 0.515625 0.171875 0.509375
0 0.4359375 0.7296875 0.484375 0.7296875 0.4859375 0.7359375 0.50625 0.7359375 0.50625 0.7421875 0.5140625 0.74375 0.515625 0.75 0.528125 0.75 0.528125 0.7640625 0.534375 0.765625 0.5359375 0.771875 0.5421875 0.771875 0.5421875 0.784375 0.5484375 0.7859375 0.5484375 0.7984375 0.55625 0.8 0.55625 0.884375 0.5484375 0.8859375 0.5484375 0.90625 0.5421875 0.9078125 0.5421875 0.9140625 0.534375 0.915625 0.534375 0.928125 0.5296875 0.928125 0.528125 0.934375 0.521875 0.934375 0.5203125 0.9421875 0.515625 0.9421875 0.5140625 0.9484375 0.49375 0.9484375 0.4921875 0.95625 0.4359375 0.95625 0.434375 0.9484375 0.4078125 0.9484375 0.4078125 0.94375 0.4 0.9421875 0.4 0.9359375 0.39375 0.934375 0.3921875 0.928125 0.3859375 0.928125 0.3859375 0.921875 0.3796875 0.9203125 0.378125 0.9140625 0.371875 0.9140625 0.371875 0.9078125 0.365625 0.90625 0.3640625 0.8984375 0.3578125 0.8984375 0.35625 0.8921875 0.35 0.8921875 0.35 0.8796875 0.34375 0.878125 0.34375 0.815625 0.35 0.8140625 0.35 0.8 0.3578125 0.7984375 0.3578125 0.7859375 0.3640625 0.7859375 0.365625 0.7796875 0.371875 0.778125 0.371875 0.771875 0.378125 0.771875 0.3796875 0.765625 0.3859375 0.7640625 0.3859375 0.7578125 0.39375 0.75625 0.39375 0.75 0.40625 0.75 0.4078125 0.74375 0.415625 0.7421875 0.415625 0.7359375 0.434375 0.7359375 0.4359375 0.73125
0 0.315625 0.365625 0.3203125 0.365625 0.321875 0.371875 0.3640625 0.371875 0.365625 0.3796875 0.378125 0.3796875 0.378125 0.384375 0.384375 0.3859375 0.384375 0.3921875 0.3921875 0.39375 0.3921875 0.40625 0.3984375 0.4078125 0.3984375 0.434375 0.39375 0.434375 0.3921875 0.4421875 0.3859375 0.4421875 0.384375 0.4484375 0.378125 0.45 0.378125 0.45625 0.371875 0.45625 0.3703125 0.4640625 0.3640625 0.465625 0.3640625 0.5140625 0.3578125 0.5140625 0.35625 0.5203125 0.315625 0.5203125 0.3140625 0.528125 0.29375 0.528125 0.2921875 0.5203125 0.271875 0.5203125 0.271875 0.515625 0.265625 0.5140625 0.265625 0.5078125 0.2578125 0.50625 0.2578125 0.5 0.25 0.4984375 0.25 0.49375 0.24375 0.4921875 0.24375 0.4796875 0.2359375 0.478125 0.2359375 0.4296875 0.24375 0.428125 0.24375 0.415625 0.25 0.4140625 0.25 0.4 0.25625 0.4 0.2578125 0.39375 0.2640625 0.39375 0.265625 0.3859375 0.278125 0.3859375 0.2796875 0.3796875 0.2859375 0.378125 0.2859375 0.371875 0.3140625 0.371875 0.315625 0.3671875
0 0.1359375 0.3359375 0.1703125 0.3359375 0.1703125 0.3421875 0.178125 0.34375 0.178125 0.3484375 0.184375 0.35 0.1859375 0.3578125 0.1921875 0.3578125 0.1921875 0.3640625 0.1984375 0.365625 0.2 0.371875 0.2140625 0.371875 0.215625 0.3796875 0.228125 0.3796875 0.228125 0.3921875 0.234375 0.39375 0.234375 0.4484375 0.228125 0.45 0.228125 0.484375 0.215625 0.484375 0.2140625 0.4921875 0.2078125 0.4921875 0.20625 0.4984375 0.1796875 0.4984375 0.178125 0.50625 0.1359375 0.50625 0.134375 0.4984375 0.121875 0.4984375 0.121875 0.49375 0.115625 0.4921875 0.1140625 0.484375 0.1 0.484375 0.1 0.471875 0.09375 0.4703125 0.09375 0.4578125 0.0859375 0.45625 0.0859375 0.3859375 0.09375 0.384375 0.09375 0.371875 0.1 0.3703125 0.1 0.3578125 0.10625 0.3578125 0.1078125 0.35 0.1140625 0.35 0.115625 0.34375 0.134375 0.34375 0.1359375 0.3375
0 0.821875 0.371875 0.8921875 0.371875 0.89375 0.3796875 0.90625 0.3796875 0.9078125 0.3859375 0.9203125 0.3859375 0.9203125 0.3921875 0.928125 0.39375 0.928125 0.3984375 0.934375 0.4 0.9359375 0.4078125 0.9421875 0.4078125 0.9421875 0.4203125 0.9484375 0.421875 0.9484375 0.4421875 0.95625 0.44375 0.95625 0.4921875 0.9484375 0.49375 0.9484375 0.5140625 0.94375 0.5140625 0.9421875 0.5203125 0.9359375 0.5203125 0.934375 0.528125 0.9296875 0.528125 0.928125 0.534375 0.921875 0.534375 0.9203125 0.5421875 0.915625 0.5421875 0.9140625 0.5484375 0.9 0.5484375 0.8984375 0.55625 0.8921875 0.5578125 0.8921875 0.5640625 0.8078125 0.5640625 0.8078125 0.5578125 0.79375 0.55625 0.79375 0.55 0.7859375 0.5484375 0.7859375 0.54375 0.7796875 0.5421875 0.7796875 0.5359375 0.771875 0.534375 0.771875 0.5296875 0.765625 0.528125 0.765625 0.515625 0.7578125 0.5140625 0.7578125 0.5 0.75 0.4984375 0.75 0.45 0.7578125 0.4484375 0.7578125 0.4359375 0.765625 0.434375 0.765625 0.421875 0.771875 0.4203125 0.771875 0.4078125 0.7796875 0.40625 0.7796875 0.39375 0.7859375 0.3921875 0.7859375 0.3859375 0.7984375 0.3859375 0.8 0.3796875 0.8203125 0.3796875 0.821875 0.3734375
0 0.815625 0.5859375 0.8421875 0.5859375 0.8421875 0.5921875 0.8484375 0.59375 0.85 0.6 0.85625 0.6 0.85625 0.6140625 0.8640625 0.615625 0.8640625 0.628125 0.8703125 0.6296875 0.8703125 0.6984375 0.8640625 0.7 0.8640625 0.7203125 0.8578125 0.7203125 0.85625 0.728125 0.85 0.728125 0.8484375 0.734375 0.8421875 0.7359375 0.8421875 0.7421875 0.834375 0.74375 0.834375 0.7484375 0.821875 0.7484375 0.8203125 0.75625 0.8078125 0.75625 0.80625 0.7640625 0.7796875 0.7640625 0.778125 0.75625 0.75 0.75625 0.7484375 0.7484375 0.7359375 0.7484375 0.734375 0.7421875 0.721875 0.7421875 0.721875 0.7359375 0.715625 0.734375 0.7140625 0.728125 0.7078125 0.728125 0.7078125 0.721875 0.7 0.7203125 0.7 0.715625 0.69375 0.7140625 0.6921875 0.70625 0.6859375 0.70625 0.6859375 0.69375 0.6796875 0.6921875 0.6796875 0.65 0.684375 0.65 0.6859375 0.64375 0.6984375 0.64375 0.7 0.6359375 0.7140625 0.6359375 0.715625 0.6296875 0.728125 0.6296875 0.7296875 0.621875 0.734375 0.621875 0.7359375 0.615625 0.74375 0.6140625 0.74375 0.6078125 0.75625 0.6078125 0.7578125 0.6 0.7703125 0.6 0.771875 0.59375 0.8140625 0.59375 0.815625 0.5875
0 0.621875 0.471875 0.6640625 0.471875 0.665625 0.4796875 0.728125 0.4796875 0.728125 0.484375 0.734375 0.4859375 0.734375 0.4921875 0.7421875 0.49375 0.7421875 0.4984375 0.7484375 0.5 0.7484375 0.5203125 0.75625 0.521875 0.75625 0.534375 0.7640625 0.5359375 0.7640625 0.5703125 0.75625 0.571875 0.75625 0.584375 0.7484375 0.5859375 0.7484375 0.5984375 0.7421875 0.6 0.7421875 0.60625 0.734375 0.6078125 0.734375 0.6140625 0.7296875 0.6140625 0.728125 0.6203125 0.7203125 0.621875 0.7203125 0.628125 0.7078125 0.628125 0.70625 0.634375 0.69375 0.634375 0.6921875 0.6421875 0.65 0.6421875 0.6484375 0.634375 0.6296875 0.634375 0.6296875 0.6296875 0.621875 0.628125 0.621875 0.621875 0.615625 0.6203125 0.6140625 0.6140625 0.6078125 0.6140625 0.6078125 0.6 0.6 0.5984375 0.6 0.5859375 0.59375 0.584375 0.59375 0.571875 0.5859375 0.5703125 0.5859375 0.5078125 0.59375 0.50625 0.59375 0.49375 0.6 0.4921875 0.6 0.4859375 0.60625 0.4859375 0.6078125 0.4796875 0.6203125 0.4796875 0.621875 0.4734375
0 0.5578125 0.421875 0.578125 0.421875 0.578125 0.428125 0.584375 0.4296875 0.584375 0.4421875 0.5921875 0.44375 0.5921875 0.45625 0.5984375 0.4578125 0.5984375 0.484375 0.59375 0.484375 0.5921875 0.4921875 0.5859375 0.4921875 0.584375 0.4984375 0.578125 0.5 0.578125 0.50625 0.571875 0.50625 0.571875 0.4796875 0.565625 0.478125 0.565625 0.45 0.5578125 0.4484375 0.5578125 0.4234375