0 0.2765625 0.365625 0.3328125 0.365625 0.334375 0.371875 0.35625 0.371875 0.3578125 0.3796875 0.3671875 0.3796875 0.3671875 0.4203125 0.3578125 0.4203125 0.35625 0.428125 0.3453125 0.428125 0.34375 0.434375 0.334375 0.434375 0.3328125 0.4421875 0.321875 0.4421875 0.3203125 0.4484375 0.2765625 0.4484375 0.275 0.4421875 0.265625 0.4421875 0.2640625 0.434375 0.2421875 0.434375 0.240625 0.428125 0.23125 0.428125 0.23125 0.3859375 0.240625 0.3859375 0.2421875 0.3796875 0.2515625 0.3796875 0.253125 0.371875 0.275 0.371875 0.2765625 0.3671875
0 0.609375 0.2296875 0.7 0.2296875 0.7015625 0.2359375 0.7234375 0.2359375 0.725 0.24375 0.746875 0.24375 0.7484375 0.25 0.7578125 0.25 0.7578125 0.2640625 0.76875 0.265625 0.76875 0.284375 0.78125 0.2859375 0.78125 0.30625 0.7703125 0.30625 0.76875 0.3203125 0.759375 0.3203125 0.7578125 0.328125 0.7484375 0.328125 0.746875 0.334375 0.7359375 0.334375 0.734375 0.3421875 0.6671875 0.3421875 0.665625 0.3484375 0.5984375 0.3484375 0.596875 0.3421875 0.575 0.3421875 0.5734375 0.334375 0.5640625 0.334375 0.5640625 0.321875 0.553125 0.3203125 0.553125 0.265625 0.5625 0.265625 0.5640625 0.2578125 0.5734375 0.2578125 0.575 0.24375 0.596875 0.24375 0.5984375 0.2359375 0.6078125 0.2359375 0.609375 0.23125
0 0.4828125 0.5796875 0.596875 0.5796875 0.596875 0.5921875 0.6078125 0.59375 0.6078125 0.60625 0.6203125 0.6078125 0.6203125 0.6421875 0.609375 0.6421875 0.6078125 0.6484375 0.575 0.6484375 0.5734375 0.65625 0.51875 0.65625 0.5171875 0.6484375 0.4828125 0.6484375 0.48125 0.634375 0.4609375 0.634375 0.4609375 0.6 0.4703125 0.6 0.471875 0.5859375 0.48125 0.5859375 0.4828125 0.58125
0 0.575 0.45 0.678125 0.45 0.678125 0.45625 0.6890625 0.4578125 0.690625 0.465625 0.7 0.465625 0.7015625 0.471875 0.7125 0.471875 0.7140625 0.4796875 0.7234375 0.4796875 0.725 0.4859375 0.734375 0.4859375 0.7359375 0.49375 0.746875 0.49375 0.746875 0.5203125 0.725 0.5203125 0.7234375 0.528125 0.7015625 0.528125 0.7 0.534375 0.6671875 0.534375 0.665625 0.5421875 0.64375 0.5421875 0.6421875 0.534375 0.621875 0.534375 0.6203125 0.528125 0.609375 0.528125 0.609375 0.521875 0.5984375 0.5203125 0.596875 0.5140625 0.575 0.5140625 0.5734375 0.50625 0.553125 0.50625 0.5515625 0.4984375 0.540625 0.4984375 0.540625 0.4796875 0.5515625 0.4796875 0.553125 0.465625 0.5625 0.465625 0.5640625 0.4578125 0.5734375 0.4578125 0.575 0.4515625
0 0.21875 0.6359375 0.275 0.6359375 0.2765625 0.64375 0.2984375 0.64375 0.3 0.65 0.309375 0.65 0.3109375 0.6578125 0.3203125 0.6578125 0.321875 0.671875 0.3328125 0.671875 0.3328125 0.7140625 0.321875 0.7140625 0.3203125 0.7203125 0.3 0.7203125 0.2984375 0.728125 0.2875 0.728125 0.2859375 0.734375 0.23125 0.734375 0.2296875 0.728125 0.2078125 0.728125 0.20625 0.7203125 0.184375 0.7203125 0.184375 0.7078125 0.1734375 0.70625 0.1734375 0.665625 0.1828125 0.665625 0.184375 0.6578125 0.1953125 0.6578125 0.196875 0.65 0.20625 0.65 0.2078125 0.64375 0.2171875 0.64375 0.21875 0.6375
0 0.0578125 0.165625 0.125 0.165625 0.1265625 0.171875 0.1375 0.171875 0.1390625 0.1796875 0.1484375 0.1796875 0.15 0.1859375 0.159375 0.1859375 0.1609375 0.19375 0.171875 0.19375 0.1734375 0.2078125 0.1828125 0.2078125 0.1828125 0.2421875 0.1734375 0.2421875 0.171875 0.2484375 0.1265625 0.2484375 0.125 0.2421875 0.1046875 0.2421875 0.103125 0.234375 0.0703125 0.234375 0.06875 0.228125 0.046875 0.228125 0.0453125 0.2203125 0.0359375 0.2203125 0.0359375 0.1796875 0.0453125 0.1796875 0.046875 0.171875 0.05625 0.171875 0.0578125 0.1671875
0 0.046875 0.6296875 0.103125 0.6296875 0.1046875 0.6359375 0.125 0.6359375 0.1265625 0.64375 0.1375 0.64375 0.1390625 0.6578125 0.1484375 0.6578125 0.15 0.665625 0.159375 0.665625 0.159375 0.6921875 0.171875 0.69375 0.171875 0.734375 0.1609375 0.734375 0.159375 0.7421875 0.0234375 0.7421875 0.021875 0.734375 0 0.734375 0 0.65 0.0109375 0.65 0.0125 0.64375 0.021875 0.64375 0.0234375 0.6359375 0.0453125 0.6359375 0.046875 0.63125
0 0.7359375 0.14375 0.7578125 0.14375 0.759375 0.1578125 0.78125 0.1578125 0.7828125 0.165625 0.8265625 0.165625 0.828125 0.171875 0.8953125 0.171875 0.896875 0.165625 0.91875 0.165625 0.91875 0.178125 0.9296875 0.1796875 0.9296875 0.184375 0.91875 0.1859375 0.91875 0.2140625 0.9078125 0.215625 0.9078125 0.228125 0.8859375 0.228125 0.884375 0.234375 0.8625 0.234375 0.8609375 0.2421875 0.7828125 0.2421875 0.78125 0.234375 0.7703125 0.234375 0.76875 0.228125 0.759375 0.228125 0.7578125 0.2203125 0.7484375 0.2203125 0.7484375 0.2078125 0.7359375 0.20625 0.734375 0.1921875 0.725 0.1921875 0.725 0.165625 0.7359375 0.1640625 0.7359375 0.1453125
0 0.2078125 0.115625 0.2171875 0.115625 0.21875 0.121875 0.240625 0.121875 0.2421875 0.1296875 0.2515625 0.1296875 0.253125 0.1359375 0.2640625 0.1359375 0.265625 0.14375 0.275 0.14375 0.275 0.1640625 0.265625 0.1640625 0.2640625 0.1703125 0.2078125 0.1703125 0.20625 0.178125 0.1734375 0.178125 0.171875 0.1703125 0.1609375 0.1703125 0.159375 0.1640625 0.15 0.1640625 0.15 0.14375 0.159375 0.14375 0.1609375 0.1296875 0.171875 0.1296875 0.1734375 0.121875 0.20625 0.121875 0.2078125 0.1171875
0 0.8625 0.4859375 0.953125 0.4859375 0.9546875 0.49375 0.9765625 0.49375 0.978125 0.5 0.9875 0.5 0.9875 0.578125 0.978125 0.578125 0.9765625 0.584375 0.965625 0.584375 0.9640625 0.5921875 0.93125 0.5921875 0.9296875 0.5984375 0.8859375 0.5984375 0.884375 0.5921875 0.875 0.5921875 0.875 0.565625 0.884375 0.565625 0.8859375 0.55 0.896875 0.5484375 0.8953125 0.5421875 0.8859375 0.5421875 0.8859375 0.521875 0.875 0.5203125 0.8734375 0.5140625 0.8515625 0.5140625 0.85 0.50625 0.828125 0.50625 0.828125 0.5 0.8390625 0.5 0.840625 0.49375 0.8609375 0.49375 0.8625 0.4875
0 0.93125 0.7578125 0.9765625 0.7578125 0.978125 0.765625 0.9875 0.765625 0.9875 0.778125 0.9984375 0.7796875 0.9984375 0.8140625 0.978125 0.8140625 0.9765625 0.8203125 0.9546875 0.8203125 0.953125 0.8140625 0.93125 0.8140625 0.9296875 0.80625 0.9203125 0.80625 0.91875 0.7984375 0.909375 0.7984375 0.909375 0.771875 0.91875 0.771875 0.9203125 0.765625 0.9296875 0.765625 0.93125 0.759375
0 0.3578125 0.7078125 0.3671875 0.7078125 0.36875 0.715625 0.4015625 0.715625 0.403125 0.721875 0.425 0.721875 0.4265625 0.7296875 0.4359375 0.7296875 0.4359375 0.75625 0.403125 0.75625 0.4015625 0.7640625 0.3796875 0.7640625 0.378125 0.7703125 0.3453125 0.7703125 0.34375 0.778125 0.2875 0.778125 0.2875 0.75 0.3 0.7484375 0.3 0.7296875 0.309375 0.7296875 0.3109375 0.721875 0.3203125 0.721875 0.321875 0.715625 0.35625 0.715625 0.3578125 0.709375