2 0.12345679012345678 0.25 0.12962962962962962 0.2685185185185185 0.1419753086419753 0.28703703703703703 0.19753086419753085 0.32407407407407407 0.19753086419753085 0.3333333333333333 0.20370370370370366 0.3333333333333333 0.22222222222222224 0.36111111111111105 0.2345679012345679 0.36111111111111105 0.26543209876543206 0.34259259259259256 0.2962962962962963 0.2962962962962963 0.3024691358024691 0.2777777777777778 0.3024691358024691 0.21296296296296294 0.29012345679012347 0.1759259259259259 0.25925925925925924 0.12962962962962962 0.24691358024691357 0.12037037037037038 0.16049382716049382 0.12037037037037038 0.12962962962962962 0.16666666666666666 0.12345679012345678 0.18518518518518517 0.12345679012345678 0.25
2 0.537037037037037 0.15740740740740738 0.537037037037037 0.1759259259259259 0.5555555555555556 0.24074074074074076 0.611111111111111 0.2962962962962963 0.6296296296296295 0.2962962962962963 0.6358024691358024 0.3055555555555555 0.6666666666666666 0.3055555555555555 0.6851851851851851 0.2962962962962963 0.6975308641975309 0.28703703703703703 0.728395061728395 0.23148148148148148 0.7345679012345678 0.20370370370370366 0.7345679012345678 0.12962962962962962 0.728395061728395 0.12037037037037038 0.728395061728395 0.09259259259259259 0.7098765432098765 0.06481481481481481 0.7098765432098765 0.05555555555555556 0.6851851851851851 0.02777777777777778 0.6666666666666666 0.018518518518518517 0.6049382716049382 0.018518518518518517 0.5864197530864197 0.02777777777777778 0.5555555555555556 0.07407407407407407 0.5432098765432098 0.11111111111111112 0.5432098765432098 0.14814814814814814 0.537037037037037 0.15740740740740738
2 0.32098765432098764 0.31481481481481477 0.35802469135802467 0.37037037037037035 0.3950617283950617 0.37962962962962965 0.4135802469135802 0.39814814814814814 0.4382716049382716 0.39814814814814814 0.47530864197530864 0.37037037037037035 0.5061728395061728 0.2777777777777778 0.5061728395061728 0.21296296296296294 0.4814814814814815 0.15740740740740738 0.47530864197530864 0.15740740740740738 0.46296296296296297 0.1388888888888889 0.4444444444444445 0.1388888888888889 0.43209876543209874 0.12962962962962962 0.4259259259259259 0.1388888888888889 0.3950617283950617 0.1388888888888889 0.35802469135802467 0.15740740740740738 0.3333333333333333 0.19444444444444445 0.32098765432098764 0.23148148148148148 0.32098765432098764 0.31481481481481477
2 0 0.12962962962962962 0.018518518518518517 0.12962962962962962 0.06790123456790123 0.16666666666666666 0.08024691358024691 0.18518518518518517 0.10493827160493827 0.1759259259259259 0.11728395061728394 0.15740740740740738 0.12962962962962962 0.12037037037037038 0.12962962962962962 0.07407407407407407 0.09259259259259259 0 0 0 0 0.12962962962962962
2 0.1419753086419753 0.07407407407407407 0.1728395061728395 0.09259259259259259 0.22839506172839505 0.09259259259259259 0.24074074074074076 0.08333333333333333 0.2716049382716049 0.037037037037037035 0.2777777777777778 0 0.09876543209876543 0 0.1419753086419753 0.07407407407407407
2 0.29012345679012347 0.037037037037037035 0.3024691358024691 0.07407407407407407 0.3333333333333333 0.11111111111111112 0.3518518518518518 0.12037037037037038 0.3765432098765432 0.12037037037037038 0.3888888888888889 0.12962962962962962 0.3950617283950617 0.12037037037037038 0.41975308641975306 0.12037037037037038 0.4444444444444445 0.10185185185185183 0.4691358024691358 0.06481481481481481 0.4814814814814815 0.018518518518518517 0.4814814814814815 0 0.29012345679012347 0 0.29012345679012347 0.037037037037037035
2 0.47530864197530864 0.12962962962962962 0.47530864197530864 0.1388888888888889 0.48765432098765427 0.14814814814814814 0.48765432098765427 0.15740740740740738 0.5123456790123456 0.19444444444444445 0.5308641975308641 0.20370370370370366 0.5308641975308641 0.14814814814814814 0.537037037037037 0.1388888888888889 0.537037037037037 0.11111111111111112 0.5493827160493827 0.07407407407407407 0.5679012345679012 0.037037037037037035 0.6049382716049382 0.009259259259259259 0.5802469135802469 0.009259259259259259 0.5740740740740741 0 0.5 0.009259259259259259 0.48765432098765427 0.02777777777777778 0.4691358024691358 0.08333333333333333 0.46296296296296297 0.11111111111111112 0.47530864197530864 0.12962962962962962
2 0.7098765432098765 0.046296296296296294 0.7345679012345678 0.08333333333333333 0.7345679012345678 0.11111111111111112 0.7469135802469136 0.14814814814814814 0.7469135802469136 0.19444444444444445 0.7407407407407407 0.20370370370370366 0.7407407407407407 0.23148148148148148 0.7716049382716049 0.23148148148148148 0.7777777777777778 0.22222222222222224 0.8148148148148147 0.21296296296296294 0.8271604938271604 0.19444444444444445 0.8395061728395061 0.15740740740740738 0.8333333333333333 0.1388888888888889 0.8333333333333333 0.11111111111111112 0.8209876543209876 0.07407407407407407 0.7962962962962963 0.037037037037037035 0.7839506172839505 0.02777777777777778 0.7654320987654321 0.018518518518518517 0.7345679012345678 0.018518518518518517 0.7098765432098765 0.037037037037037035 0.7098765432098765 0.046296296296296294
2 0.8209876543209876 0.05555555555555556 0.8518518518518517 0.15740740740740738 0.8641975308641975 0.16666666666666666 0.8765432098765432 0.16666666666666666 0.9259259259259259 0.12037037037037038 0.9444444444444444 0.12037037037037038 0.9506172839506173 0.11111111111111112 0.9691358024691358 0.11111111111111112 0.9814814814814815 0.10185185185185183 0.9876543209876543 0.07407407407407407 0.9876543209876543 0.018518518518518517 0.9814814814814815 0 0.8271604938271604 0 0.8209876543209876 0.018518518518518517 0.8209876543209876 0.05555555555555556
2 0.8765432098765432 0.25925925925925924 0.8765432098765432 0.2962962962962963 0.882716049382716 0.32407407407407407 0.9074074074074074 0.36111111111111105 0.919753086419753 0.37037037037037035 0.993827160493827 0.37037037037037035 0.993827160493827 0.12962962962962962 0.9753086419753085 0.12037037037037038 0.962962962962963 0.12037037037037038 0.95679012345679 0.12962962962962962 0.9320987654320987 0.12962962962962962 0.8950617283950617 0.15740740740740738 0.8765432098765432 0.19444444444444445 0.8703703703703702 0.25 0.8765432098765432 0.25925925925925924
2 0.7222222222222221 0.46296296296296297 0.7345679012345678 0.5 0.7469135802469136 0.5185185185185185 0.7716049382716049 0.537037037037037 0.8271604938271604 0.537037037037037 0.8580246913580247 0.49074074074074076 0.8641975308641975 0.4722222222222222 0.8641975308641975 0.4444444444444445 0.8703703703703702 0.4351851851851851 0.8703703703703702 0.3333333333333333 0.8641975308641975 0.32407407407407407 0.8641975308641975 0.28703703703703703 0.8395061728395061 0.24074074074074076 0.8209876543209876 0.23148148148148148 0.7839506172839505 0.23148148148148148 0.7530864197530864 0.25 0.7407407407407407 0.2685185185185185 0.7222222222222221 0.32407407407407407 0.7222222222222221 0.46296296296296297
2 0.5246913580246912 0.4351851851851851 0.537037037037037 0.4814814814814815 0.5617283950617284 0.5185185185185185 0.5740740740740741 0.5185185185185185 0.6481481481481481 0.4814814814814815 0.6851851851851851 0.5092592592592593 0.6975308641975309 0.5092592592592593 0.7037037037037036 0.5 0.7037037037037036 0.4722222222222222 0.7098765432098765 0.46296296296296297 0.7037037037037036 0.3333333333333333 0.691358024691358 0.31481481481481477 0.5802469135802469 0.3055555555555555 0.5308641975308641 0.37037037037037035 0.5246913580246912 0.39814814814814814 0.5246913580246912 0.4351851851851851
2 0.5555555555555556 0.6481481481481481 0.5617283950617284 0.7129629629629629 0.5740740740740741 0.75 0.6049382716049382 0.787037037037037 0.6358024691358024 0.787037037037037 0.6851851851851851 0.75 0.6975308641975309 0.7314814814814814 0.7222222222222221 0.6666666666666666 0.7222222222222221 0.5925925925925926 0.7098765432098765 0.5462962962962963 0.6975308641975309 0.5277777777777778 0.6481481481481481 0.49074074074074076 0.611111111111111 0.49074074074074076 0.5987654320987654 0.5 0.5802469135802469 0.5277777777777778 0.5679012345679012 0.5648148148148148 0.5679012345679012 0.5925925925925926 0.5617283950617284 0.6018518518518519 0.5617283950617284 0.6388888888888888 0.5555555555555556 0.6481481481481481
2 0.2716049382716049 0.5648148148148148 0.29012345679012347 0.6203703703703703 0.30864197530864196 0.6481481481481481 0.345679012345679 0.6759259259259258 0.3765432098765432 0.6759259259259258 0.38271604938271603 0.6666666666666666 0.40740740740740733 0.6666666666666666 0.41975308641975306 0.6574074074074073 0.45061728395061723 0.611111111111111 0.45061728395061723 0.5740740740740741 0.4382716049382716 0.5462962962962963 0.4444444444444445 0.49074074074074076 0.4382716049382716 0.4814814814814815 0.4382716049382716 0.4537037037037037 0.41975308641975306 0.41666666666666663 0.38271604938271603 0.3888888888888889 0.3333333333333333 0.3888888888888889 0.30864197530864196 0.40740740740740733 0.2777777777777778 0.4537037037037037 0.2716049382716049 0.4814814814814815 0.2716049382716049 0.5648148148148148
2 0.04938271604938271 0.49074074074074076 0.08024691358024691 0.5925925925925926 0.10493827160493827 0.611111111111111 0.12345679012345678 0.611111111111111 0.12962962962962962 0.6203703703703703 0.1728395061728395 0.6203703703703703 0.19135802469135801 0.611111111111111 0.21604938271604937 0.5648148148148148 0.22222222222222224 0.537037037037037 0.22222222222222224 0.49074074074074076 0.22839506172839505 0.4814814814814815 0.22839506172839505 0.41666666666666663 0.20987654320987653 0.36111111111111105 0.18518518518518517 0.32407407407407407 0.16049382716049382 0.3055555555555555 0.11728395061728394 0.2962962962962963 0.08641975308641975 0.31481481481481477 0.05555555555555556 0.37037037037037035 0.04938271604938271 0.39814814814814814 0.04938271604938271 0.49074074074074076
2 0 0.40740740740740733 0.018518518518518517 0.40740740740740733 0.030864197530864196 0.39814814814814814 0.05555555555555556 0.36111111111111105 0.05555555555555556 0.3518518518518518 0.07407407407407407 0.32407407407407407 0.08641975308641975 0.28703703703703703 0.08641975308641975 0.23148148148148148 0.07407407407407407 0.19444444444444445 0.05555555555555556 0.16666666666666666 0.030864197530864196 0.14814814814814814 0 0.14814814814814814 0 0.40740740740740733
2 0 0.787037037037037 0 0.8055555555555556 0.006172839506172839 0.8148148148148147 0.012345679012345678 0.8703703703703702 0.05555555555555556 0.9259259259259259 0.07407407407407407 0.9259259259259259 0.08024691358024691 0.9351851851851851 0.12962962962962962 0.9259259259259259 0.16049382716049382 0.8981481481481481 0.17901234567901234 0.8703703703703702 0.18518518518518517 0.8425925925925926 0.18518518518518517 0.8055555555555556 0.19135802469135801 0.7962962962962963 0.18518518518518517 0.7777777777777778 0.18518518518518517 0.7407407407407407 0.1728395061728395 0.7037037037037036 0.13580246913580246 0.6574074074074073 0.11728395061728394 0.6574074074074073 0.11111111111111112 0.6481481481481481 0.07407407407407407 0.6481481481481481 0.043209876543209874 0.6851851851851851 0.024691358024691357 0.6944444444444444 0.006172839506172839 0.7407407407407407 0.006172839506172839 0.7777777777777778 0 0.787037037037037
2 0.19753086419753085 0.861111111111111 0.26543209876543206 0.861111111111111 0.2716049382716049 0.8518518518518517 0.29012345679012347 0.8518518518518517 0.2962962962962963 0.861111111111111 0.32098765432098764 0.8703703703703702 0.3333333333333333 0.888888888888889 0.345679012345679 0.8703703703703702 0.345679012345679 0.8148148148148147 0.3395061728395062 0.787037037037037 0.3333333333333333 0.7685185185185185 0.3024691358024691 0.7222222222222221 0.29012345679012347 0.7129629629629629 0.2716049382716049 0.7129629629629629 0.26543209876543206 0.7037037037037036 0.24074074074074076 0.7037037037037036 0.20987654320987653 0.7222222222222221 0.19753086419753085 0.7407407407407407 0.19753086419753085 0.861111111111111
2 0.22839506172839505 0.5092592592592593 0.22222222222222224 0.5740740740740741 0.21604938271604937 0.5925925925925926 0.18518518518518517 0.6388888888888888 0.18518518518518517 0.6574074074074073 0.19753086419753085 0.6851851851851851 0.22222222222222224 0.7037037037037036 0.2345679012345679 0.6944444444444444 0.29012345679012347 0.6944444444444444 0.30864197530864196 0.6666666666666666 0.2777777777777778 0.6203703703703703 0.2716049382716049 0.5833333333333333 0.26543209876543206 0.5740740740740741 0.26543209876543206 0.5462962962962963 0.25925925925925924 0.537037037037037 0.26543209876543206 0.4537037037037037 0.24074074074074076 0.4537037037037037 0.2345679012345679 0.46296296296296297 0.2345679012345679 0.5 0.22839506172839505 0.5092592592592593
2 0.37037037037037035 0.787037037037037 0.37037037037037035 0.861111111111111 0.3950617283950617 0.9259259259259259 0.4135802469135802 0.9537037037037036 0.4444444444444445 0.9814814814814815 0.4814814814814815 0.9814814814814815 0.48765432098765427 0.9722222222222221 0.5123456790123456 0.9722222222222221 0.5308641975308641 0.9444444444444444 0.5432098765432098 0.9074074074074074 0.5432098765432098 0.8240740740740741 0.5493827160493827 0.8148148148148147 0.5493827160493827 0.7962962962962963 0.5308641975308641 0.7222222222222221 0.5123456790123456 0.6944444444444444 0.49382716049382713 0.6759259259259258 0.47530864197530864 0.6759259259259258 0.4691358024691358 0.6666666666666666 0.43209876543209874 0.6759259259259258 0.40740740740740733 0.6944444444444444 0.3765432098765432 0.75 0.3765432098765432 0.7777777777777778 0.37037037037037035 0.787037037037037
2 0.5555555555555556 0.787037037037037 0.5308641975308641 0.9722222222222221 0.5185185185185185 0.9907407407407407 0.6419753086419753 0.9907407407407407 0.6481481481481481 0.9722222222222221 0.6728395061728395 0.9351851851851851 0.6851851851851851 0.8981481481481481 0.6851851851851851 0.8148148148148147 0.6790123456790124 0.7962962962962963 0.6728395061728395 0.787037037037037 0.6481481481481481 0.787037037037037 0.6419753086419753 0.7962962962962963 0.5617283950617284 0.7407407407407407 0.5617283950617284 0.7314814814814814 0.5493827160493827 0.7407407407407407 0.5493827160493827 0.7777777777777778 0.5555555555555556 0.787037037037037
2 0.5 0.6574074074074073 0.5123456790123456 0.6759259259259258 0.5123456790123456 0.6851851851851851 0.5185185185185185 0.6851851851851851 0.537037037037037 0.7129629629629629 0.5555555555555556 0.7129629629629629 0.5555555555555556 0.6944444444444444 0.5493827160493827 0.6851851851851851 0.5493827160493827 0.6296296296296295 0.5617283950617284 0.5925925925925926 0.5617283950617284 0.5555555555555556 0.5679012345679012 0.537037037037037 0.5308641975308641 0.5 0.5185185185185185 0.5092592592592593 0.49382716049382713 0.5555555555555556 0.48765432098765427 0.611111111111111 0.5 0.6574074074074073
2 0.728395061728395 0.6481481481481481 0.7037037037037036 0.7407407407407407 0.691358024691358 0.7592592592592593 0.691358024691358 0.7685185185185185 0.6975308641975309 0.7777777777777778 0.728395061728395 0.787037037037037 0.7777777777777778 0.75 0.7962962962962963 0.6944444444444444 0.7962962962962963 0.6666666666666666 0.8024691358024691 0.6574074074074073 0.8024691358024691 0.6018518518518519 0.7962962962962963 0.5740740740740741 0.7839506172839505 0.5555555555555556 0.7345679012345678 0.5185185185185185 0.7160493827160493 0.5185185185185185 0.7098765432098765 0.5277777777777778 0.728395061728395 0.5833333333333333 0.728395061728395 0.6481481481481481
2 0.7962962962962963 0.7222222222222221 0.7962962962962963 0.7685185185185185 0.8086419753086419 0.7962962962962963 0.882716049382716 0.8425925925925926 0.9074074074074074 0.8240740740740741 0.9382716049382716 0.7777777777777778 0.9444444444444444 0.7777777777777778 0.95679012345679 0.7129629629629629 0.9506172839506173 0.6851851851851851 0.9382716049382716 0.6666666666666666 0.8703703703703702 0.6203703703703703 0.8580246913580247 0.6018518518518519 0.8271604938271604 0.611111111111111 0.8148148148148147 0.6388888888888888 0.8148148148148147 0.6666666666666666 0.7962962962962963 0.7222222222222221
2 0.6975308641975309 0.9907407407407407 0.888888888888889 0.9907407407407407 0.888888888888889 0.8981481481481481 0.882716049382716 0.8796296296296295 0.8518518518518517 0.8333333333333333 0.8209876543209876 0.8148148148148147 0.7716049382716049 0.8055555555555556 0.7407407407407407 0.8240740740740741 0.7222222222222221 0.8518518518518517 0.6975308641975309 0.9074074074074074 0.6975308641975309 0.9907407407407407
2 0.9012345679012345 0.9259259259259259 0.9135802469135802 0.9907407407407407 0.993827160493827 0.9907407407407407 0.993827160493827 0.7685185185185185 0.9753086419753085 0.7685185185185185 0.9444444444444444 0.787037037037037 0.9259259259259259 0.8148148148148147 0.919753086419753 0.8148148148148147 0.919753086419753 0.8240740740740741 0.9074074074074074 0.8425925925925926 0.9012345679012345 0.861111111111111 0.9012345679012345 0.9259259259259259
2 0.1728395061728395 0.9907407407407407 0.345679012345679 0.9907407407407407 0.345679012345679 0.962962962962963 0.3395061728395062 0.9537037037037036 0.3395061728395062 0.9166666666666666 0.3333333333333333 0.8981481481481481 0.32098765432098764 0.8796296296296295 0.29012345679012347 0.861111111111111 0.2777777777777778 0.8703703703703702 0.2345679012345679 0.8703703703703702 0.22839506172839505 0.8796296296296295 0.20370370370370366 0.8796296296296295 0.17901234567901234 0.9259259259259259 0.17901234567901234 0.9722222222222221 0.1728395061728395 0.9907407407407407
2 0.345679012345679 0.9351851851851851 0.35802469135802467 0.9907407407407407 0.4382716049382716 0.9907407407407407 0.38271604938271603 0.9166666666666666 0.37037037037037035 0.8796296296296295 0.3518518518518518 0.888888888888889 0.345679012345679 0.8981481481481481 0.345679012345679 0.9351851851851851
2 0.043209876543209874 0.9907407407407407 0.1728395061728395 0.9907407407407407 0.16666666666666666 0.9814814814814815 0.1728395061728395 0.9259259259259259 0.1419753086419753 0.9259259259259259 0.12962962962962962 0.9351851851851851 0.05555555555555556 0.9444444444444444 0.043209876543209874 0.962962962962963 0.043209876543209874 0.9907407407407407