0 0.7296875 0.9546875 0.746875 0.9546875 0.746875 0.9625 0.7578125 0.9640625 0.7578125 0.971875 0.7640625 0.9734375 0.765625 0.9828125 0.7703125 0.9828125 0.7703125 0.9984375 0.7359375 0.9984375 0.7359375 0.9828125 0.7296875 0.98125 0.7296875 0.95625
0 0.8890625 0.1484375 0.93125 0.1484375 0.93125 0.15625 0.9375 0.1578125 0.9375 0.165625 0.94375 0.1671875 0.9453125 0.1765625 0.95625 0.1765625 0.95625 0.184375 0.96875 0.1859375 0.9703125 0.1953125 0.9875 0.1953125 0.9890625 0.2046875 0.9984375 0.2046875 0.9984375 0.2578125 0.99375 0.259375 0.99375 0.2671875 0.9984375 0.26875 0.9984375 0.3875 0.9890625 0.3875 0.9875 0.396875 0.9703125 0.396875 0.96875 0.40625 0.9578125 0.40625 0.95625 0.415625 0.9453125 0.415625 0.94375 0.425 0.9328125 0.425 0.93125 0.434375 0.925 0.4359375 0.925 0.44375 0.9125 0.4453125 0.9125 0.453125 0.90625 0.4546875 0.90625 0.4625 0.8890625 0.4625 0.8875 0.453125 0.859375 0.453125 0.859375 0.4453125 0.853125 0.44375 0.853125 0.4265625 0.846875 0.425 0.8453125 0.415625 0.840625 0.415625 0.840625 0.3890625 0.834375 0.3875 0.834375 0.334375 0.828125 0.3328125 0.828125 0.296875 0.821875 0.2953125 0.821875 0.278125 0.815625 0.2765625 0.815625 0.25 0.821875 0.2484375 0.821875 0.2328125 0.828125 0.23125 0.828125 0.2234375 0.834375 0.221875 0.834375 0.2140625 0.840625 0.2125 0.840625 0.2046875 0.846875 0.203125 0.846875 0.1953125 0.853125 0.19375 0.853125 0.1859375 0.8578125 0.1859375 0.859375 0.1765625 0.865625 0.175 0.865625 0.1671875 0.875 0.1671875 0.8765625 0.1578125 0.8875 0.1578125 0.8890625 0.15
0 0.7046875 0.2140625 0.734375 0.2140625 0.7359375 0.2234375 0.7578125 0.2234375 0.7578125 0.23125 0.7703125 0.2328125 0.771875 0.2421875 0.7828125 0.2421875 0.784375 0.25 0.7953125 0.25 0.7953125 0.2578125 0.8015625 0.259375 0.8015625 0.2671875 0.8078125 0.26875 0.8078125 0.2765625 0.8140625 0.278125 0.8140625 0.2953125 0.8203125 0.296875 0.8203125 0.3140625 0.8265625 0.315625 0.8265625 0.3609375 0.8328125 0.3625 0.8328125 0.425 0.8265625 0.4265625 0.8265625 0.44375 0.809375 0.44375 0.8078125 0.453125 0.778125 0.453125 0.7765625 0.4625 0.765625 0.4625 0.7640625 0.471875 0.7515625 0.4734375 0.7515625 0.48125 0.746875 0.4828125 0.746875 0.490625 0.7421875 0.490625 0.740625 0.4984375 0.734375 0.5 0.734375 0.5078125 0.728125 0.509375 0.728125 0.5171875 0.721875 0.51875 0.721875 0.5265625 0.7109375 0.5265625 0.709375 0.5359375 0.6984375 0.5359375 0.6984375 0.528125 0.6921875 0.5265625 0.690625 0.5171875 0.6859375 0.5171875 0.6859375 0.5 0.6796875 0.4984375 0.6796875 0.4828125 0.6734375 0.48125 0.671875 0.471875 0.6671875 0.471875 0.6671875 0.4546875 0.6609375 0.453125 0.6609375 0.4453125 0.6546875 0.44375 0.653125 0.434375 0.6421875 0.434375 0.6421875 0.353125 0.6359375 0.3515625 0.6359375 0.334375 0.6421875 0.3328125 0.6421875 0.30625 0.646875 0.30625 0.6484375 0.296875 0.6546875 0.2953125 0.6546875 0.278125 0.6609375 0.2765625 0.6609375 0.259375 0.665625 0.259375 0.6671875 0.25 0.671875 0.25 0.6734375 0.2421875 0.6796875 0.240625 0.6796875 0.2328125 0.690625 0.2328125 0.6921875 0.2234375 0.703125 0.2234375 0.7046875 0.215625
0 0.7234375 0.1953125 0.7765625 0.1953125 0.778125 0.2046875 0.784375 0.203125 0.784375 0.1953125 0.8140625 0.1953125 0.815625 0.2046875 0.8265625 0.2046875 0.8265625 0.2125 0.8203125 0.2140625 0.8203125 0.240625 0.8140625 0.2421875 0.8140625 0.2578125 0.796875 0.2578125 0.7953125 0.2484375 0.784375 0.2484375 0.7828125 0.240625 0.771875 0.240625 0.771875 0.2328125 0.759375 0.23125 0.7578125 0.221875 0.7359375 0.221875 0.734375 0.2125 0.7171875 0.2125 0.7171875 0.2046875 0.7234375 0.203125 0.7234375 0.196875
0 0.0875 0.778125 0.1109375 0.778125 0.1109375 0.7859375 0.1234375 0.7875 0.125 0.796875 0.165625 0.796875 0.1671875 0.80625 0.178125 0.80625 0.178125 0.9625 0.184375 0.9640625 0.184375 0.9984375 0.04375 0.9984375 0.04375 0.9359375 0.0484375 0.9359375 0.05 0.9265625 0.05625 0.925 0.05625 0.9078125 0.0625 0.90625 0.0625 0.8984375 0.06875 0.896875 0.06875 0.8890625 0.075 0.8875 0.075 0.871875 0.08125 0.8703125 0.08125 0.853125 0.0875 0.8515625 0.0875 0.7796875
0 0.4390625 0 0.5796875 0 0.5796875 0.0265625 0.54375 0.0265625 0.5421875 0.0359375 0.525 0.0359375 0.5234375 0.0453125 0.5125 0.0453125 0.5109375 0.0546875 0.5 0.0546875 0.4984375 0.0640625 0.4875 0.065625 0.4875 0.0734375 0.4640625 0.0734375 0.4625 0.0640625 0.4453125 0.0640625 0.4453125 0.05625 0.4390625 0.0546875 0.4390625 0.0015625
0 0.6859375 0.6484375 0.696875 0.6484375 0.696875 0.65625 0.703125 0.6578125 0.703125 0.69375 0.709375 0.6953125 0.7109375 0.7046875 0.715625 0.7046875 0.715625 0.721875 0.721875 0.7234375 0.721875 0.73125 0.728125 0.7328125 0.728125 0.740625 0.734375 0.7421875 0.7359375 0.75 0.740625 0.75 0.740625 0.7578125 0.746875 0.759375 0.7484375 0.76875 0.7578125 0.76875 0.759375 0.778125 0.7703125 0.778125 0.771875 0.7875 0.7828125 0.7875 0.7828125 0.8046875 0.7890625 0.80625 0.7890625 0.8328125 0.7828125 0.834375 0.7828125 0.8609375 0.778125 0.8609375 0.7765625 0.8703125 0.7703125 0.871875 0.7703125 0.8875 0.7640625 0.8890625 0.7640625 0.896875 0.759375 0.896875 0.7578125 0.90625 0.7515625 0.9078125 0.7515625 0.915625 0.746875 0.9171875 0.746875 0.925 0.740625 0.9265625 0.740625 0.934375 0.6984375 0.934375 0.6984375 0.9265625 0.6859375 0.925 0.684375 0.915625 0.6734375 0.915625 0.671875 0.90625 0.6125 0.90625 0.6109375 0.896875 0.6 0.896875 0.6 0.8890625 0.59375 0.8875 0.59375 0.871875 0.5875 0.8703125 0.5859375 0.8609375 0.58125 0.8609375 0.58125 0.834375 0.575 0.8328125 0.575 0.759375 0.58125 0.7578125 0.58125 0.75 0.5984375 0.75 0.6 0.7421875 0.6234375 0.7421875 0.625 0.7328125 0.634375 0.7328125 0.6359375 0.7234375 0.6421875 0.721875 0.6421875 0.7140625 0.6546875 0.7125 0.6546875 0.7046875 0.6609375 0.703125 0.6609375 0.6953125 0.6671875 0.69375 0.6671875 0.6859375 0.6734375 0.684375 0.6734375 0.6765625 0.678125 0.6765625 0.6796875 0.6671875 0.6859375 0.665625 0.6859375 0.65
0 0.525 0.0375 0.5796875 0.0375 0.58125 0.046875 0.5921875 0.046875 0.59375 0.05625 0.6046875 0.05625 0.6046875 0.0640625 0.6109375 0.065625 0.6109375 0.0734375 0.6234375 0.075 0.6234375 0.0828125 0.628125 0.084375 0.628125 0.0921875 0.634375 0.09375 0.6359375 0.103125 0.640625 0.103125 0.640625 0.1203125 0.646875 0.121875 0.6484375 0.1296875 0.653125 0.1296875 0.653125 0.146875 0.659375 0.1484375 0.659375 0.165625 0.665625 0.1671875 0.665625 0.240625 0.659375 0.2421875 0.659375 0.2578125 0.653125 0.259375 0.653125 0.2765625 0.646875 0.278125 0.646875 0.2953125 0.6421875 0.2953125 0.640625 0.3046875 0.634375 0.30625 0.634375 0.3234375 0.628125 0.325 0.628125 0.3328125 0.6234375 0.334375 0.6234375 0.3421875 0.6171875 0.34375 0.6171875 0.3515625 0.6109375 0.353125 0.6109375 0.3609375 0.6 0.3609375 0.5984375 0.3703125 0.51875 0.3703125 0.5171875 0.3609375 0.5 0.3609375 0.5 0.353125 0.4953125 0.3515625 0.4953125 0.34375 0.4890625 0.3421875 0.4890625 0.334375 0.4828125 0.3328125 0.4828125 0.325 0.4765625 0.3234375 0.4765625 0.315625 0.4703125 0.3140625 0.4703125 0.30625 0.4640625 0.3046875 0.4640625 0.296875 0.4578125 0.2953125 0.45625 0.2859375 0.4515625 0.2859375 0.4515625 0.259375 0.4453125 0.2578125 0.4453125 0.2234375 0.4390625 0.221875 0.4390625 0.2046875 0.4453125 0.203125 0.4453125 0.1578125 0.4515625 0.15625 0.4515625 0.121875 0.45625 0.121875 0.4578125 0.1125 0.4640625 0.1109375 0.4640625 0.09375 0.475 0.09375 0.4765625 0.084375 0.4875 0.084375 0.4890625 0.075 0.4984375 0.075 0.5 0.065625 0.50625 0.0640625 0.50625 0.05625 0.5125 0.0546875 0.5125 0.046875 0.5234375 0.046875 0.525 0.0390625
0 0.60625 0.9078125 0.659375 0.9078125 0.6609375 0.9171875 0.678125 0.9171875 0.6796875 0.9265625 0.690625 0.9265625 0.6921875 0.9359375 0.703125 0.9359375 0.703125 0.94375 0.709375 0.9453125 0.709375 0.953125 0.715625 0.9546875 0.7171875 0.9640625 0.728125 0.9640625 0.728125 0.98125 0.734375 0.9828125 0.734375 0.9984375 0.55 0.9984375 0.55 0.9828125 0.55625 0.98125 0.55625 0.9640625 0.5625 0.9625 0.5625 0.9546875 0.56875 0.953125 0.56875 0.9453125 0.575 0.94375 0.575 0.9359375 0.5859375 0.9359375 0.5875 0.9265625 0.59375 0.925 0.59375 0.9171875 0.6046875 0.9171875 0.60625 0.909375
0 0.4140625 0.6859375 0.46875 0.6859375 0.4703125 0.6953125 0.4875 0.6953125 0.4875 0.703125 0.49375 0.7046875 0.4953125 0.7140625 0.5046875 0.7140625 0.5046875 0.721875 0.5109375 0.7234375 0.5125 0.7328125 0.5234375 0.7328125 0.525 0.7421875 0.5359375 0.7421875 0.5375 0.75 0.5484375 0.75 0.5484375 0.7578125 0.5546875 0.759375 0.5546875 0.7765625 0.5609375 0.778125 0.5609375 0.8046875 0.5671875 0.80625 0.5671875 0.878125 0.5609375 0.8796875 0.5609375 0.896875 0.5546875 0.8984375 0.5546875 0.915625 0.5484375 0.9171875 0.5484375 0.934375 0.5421875 0.9359375 0.5421875 0.953125 0.53125 0.953125 0.5296875 0.9625 0.5234375 0.9640625 0.5234375 0.971875 0.5125 0.971875 0.5109375 0.98125 0.5 0.98125 0.4984375 0.990625 0.4890625 0.990625 0.4875 0.9984375 0.4515625 0.9984375 0.45 0.990625 0.4265625 0.990625 0.425 0.98125 0.4140625 0.98125 0.4140625 0.9734375 0.4078125 0.971875 0.40625 0.9625 0.4015625 0.9625 0.4015625 0.9453125 0.4078125 0.94375 0.4078125 0.853125 0.4015625 0.8515625 0.4015625 0.825 0.3953125 0.8234375 0.3953125 0.80625 0.3890625 0.8046875 0.3890625 0.796875 0.3828125 0.7953125 0.3828125 0.7875 0.3765625 0.7859375 0.3765625 0.778125 0.371875 0.7765625 0.371875 0.7421875 0.3765625 0.740625 0.3765625 0.7234375 0.3828125 0.721875 0.3828125 0.7140625 0.3890625 0.7125 0.3890625 0.7046875 0.3953125 0.703125 0.3953125 0.6953125 0.4125 0.6953125 0.4140625 0.6875
0 0.334375 0.315625 0.39375 0.315625 0.3953125 0.325 0.40625 0.325 0.40625 0.3328125 0.4125 0.334375 0.4125 0.3421875 0.41875 0.34375 0.41875 0.3515625 0.425 0.353125 0.425 0.3609375 0.43125 0.3625 0.4328125 0.371875 0.4375 0.371875 0.4375 0.3875 0.44375 0.3890625 0.44375 0.40625 0.45 0.4078125 0.45 0.425 0.45625 0.4265625 0.4578125 0.4359375 0.4625 0.4359375 0.4625 0.453125 0.46875 0.4546875 0.46875 0.5078125 0.4625 0.509375 0.4625 0.5453125 0.45625 0.546875 0.45625 0.5734375 0.45 0.575 0.45 0.5921875 0.44375 0.59375 0.44375 0.6015625 0.4375 0.603125 0.4375 0.6109375 0.43125 0.6125 0.43125 0.6203125 0.4265625 0.6203125 0.425 0.628125 0.41875 0.6296875 0.41875 0.6375 0.4078125 0.6375 0.40625 0.646875 0.3953125 0.646875 0.39375 0.65625 0.371875 0.65625 0.3703125 0.646875 0.334375 0.646875 0.3328125 0.6375 0.303125 0.6375 0.3015625 0.628125 0.290625 0.628125 0.2890625 0.6203125 0.278125 0.6203125 0.278125 0.6125 0.271875 0.6109375 0.271875 0.59375 0.265625 0.5921875 0.265625 0.575 0.259375 0.5734375 0.259375 0.55625 0.253125 0.5546875 0.253125 0.5375 0.2484375 0.5359375 0.2484375 0.4265625 0.253125 0.425 0.253125 0.3984375 0.259375 0.396875 0.259375 0.3890625 0.265625 0.3875 0.265625 0.3796875 0.2703125 0.3796875 0.271875 0.371875 0.278125 0.3703125 0.278125 0.3625 0.284375 0.3609375 0.284375 0.353125 0.290625 0.3515625 0.290625 0.34375 0.3015625 0.34375 0.303125 0.334375 0.309375 0.3328125 0.309375 0.325 0.3328125 0.325 0.334375 0.3171875
0 0.55625 0.4078125 0.6171875 0.4078125 0.6171875 0.415625 0.628125 0.4171875 0.6296875 0.4265625 0.640625 0.4265625 0.640625 0.434375 0.646875 0.4359375 0.646875 0.44375 0.653125 0.4453125 0.653125 0.453125 0.659375 0.4546875 0.6609375 0.4640625 0.665625 0.4640625 0.665625 0.48125 0.671875 0.4828125 0.671875 0.4984375 0.678125 0.5 0.678125 0.5171875 0.684375 0.51875 0.684375 0.5828125 0.690625 0.584375 0.690625 0.6109375 0.684375 0.6125 0.684375 0.6375 0.678125 0.6390625 0.678125 0.665625 0.671875 0.6671875 0.671875 0.675 0.665625 0.6765625 0.665625 0.684375 0.659375 0.6859375 0.659375 0.69375 0.653125 0.6953125 0.653125 0.703125 0.646875 0.7046875 0.646875 0.7125 0.640625 0.7140625 0.640625 0.721875 0.628125 0.7234375 0.628125 0.73125 0.6125 0.73125 0.6109375 0.740625 0.58125 0.740625 0.5796875 0.7484375 0.575 0.7484375 0.5734375 0.740625 0.5375 0.740625 0.5359375 0.73125 0.525 0.73125 0.5234375 0.721875 0.5125 0.721875 0.5109375 0.7125 0.5 0.7125 0.5 0.7046875 0.4953125 0.703125 0.4953125 0.6953125 0.4890625 0.69375 0.4890625 0.6765625 0.4828125 0.675 0.48125 0.665625 0.4765625 0.665625 0.4765625 0.6296875 0.4703125 0.628125 0.4703125 0.528125 0.4765625 0.5265625 0.4765625 0.5 0.4828125 0.4984375 0.4828125 0.4828125 0.4890625 0.48125 0.4890625 0.4734375 0.4953125 0.471875 0.4953125 0.4640625 0.5 0.4625 0.5 0.4546875 0.50625 0.453125 0.50625 0.4265625 0.5 0.425 0.5 0.4171875 0.5109375 0.4171875 0.5125 0.4265625 0.5359375 0.4265625 0.5375 0.4171875 0.5546875 0.4171875 0.55625 0.409375
0 0.8953125 0.759375 0.90625 0.759375 0.90625 0.7671875 0.9125 0.76875 0.9125 0.7953125 0.90625 0.796875 0.90625 0.8140625 0.9 0.815625 0.9 0.8328125 0.89375 0.834375 0.89375 0.8609375 0.8875 0.8625 0.8875 0.94375 0.89375 0.9453125 0.89375 0.9625 0.9 0.9640625 0.9 0.98125 0.90625 0.9828125 0.90625 0.990625 0.9125 0.9921875 0.9125 0.9984375 0.778125 0.9984375 0.778125 0.9921875 0.771875 0.990625 0.771875 0.9734375 0.765625 0.971875 0.765625 0.9453125 0.759375 0.94375 0.759375 0.9078125 0.7640625 0.9078125 0.765625 0.8984375 0.771875 0.896875 0.771875 0.8796875 0.7765625 0.8796875 0.778125 0.871875 0.784375 0.8703125 0.784375 0.84375 0.790625 0.8421875 0.790625 0.825 0.796875 0.8234375 0.796875 0.80625 0.803125 0.8046875 0.803125 0.796875 0.8515625 0.796875 0.853125 0.7875 0.8640625 0.7875 0.865625 0.778125 0.88125 0.778125 0.8828125 0.76875 0.89375 0.76875 0.8953125 0.7609375
0 0 0 0.0671875 0 0.0671875 0.0078125 0.0625 0.0078125 0.0609375 0.0171875 0.0546875 0.01875 0.0546875 0.0359375 0.0484375 0.0375 0.0484375 0.0546875 0.0375 0.0546875 0.0375 0.046875 0.03125 0.0453125 0.03125 0.0375 0.025 0.0359375 0.0234375 0.0265625 0.0125 0.0265625 0.0109375 0.0171875 0 0.0171875 0 0.0015625
0 0.7234375 0 0.8875 0 0.8875 0.0265625 0.89375 0.028125 0.89375 0.0828125 0.8875 0.084375 0.8875 0.1109375 0.88125 0.1125 0.88125 0.128125 0.875 0.1296875 0.875 0.1375 0.8703125 0.1390625 0.8703125 0.146875 0.8640625 0.1484375 0.8640625 0.15625 0.859375 0.15625 0.8578125 0.165625 0.8515625 0.1671875 0.8515625 0.175 0.840625 0.175 0.8390625 0.184375 0.8265625 0.1859375 0.8265625 0.19375 0.7421875 0.19375 0.740625 0.184375 0.7296875 0.184375 0.728125 0.175 0.7171875 0.175 0.7171875 0.1671875 0.7109375 0.165625 0.709375 0.15625 0.6984375 0.15625 0.6984375 0.1390625 0.6921875 0.1375 0.690625 0.128125 0.6859375 0.128125 0.6859375 0.103125 0.6796875 0.1015625 0.6796875 0.05625 0.6859375 0.0546875 0.6859375 0.0375 0.696875 0.0375 0.6984375 0.028125 0.7046875 0.0265625 0.7046875 0.01875 0.715625 0.01875 0.7171875 0.009375 0.7234375 0.0078125 0.7234375 0.0015625
0 0.0625 0.2046875 0.0671875 0.2046875 0.06875 0.2140625 0.0796875 0.2140625 0.0796875 0.221875 0.0859375 0.2234375 0.0859375 0.23125 0.0921875 0.2328125 0.09375 0.2421875 0.1046875 0.2421875 0.1046875 0.2484375 0.1109375 0.25 0.1109375 0.2578125 0.1234375 0.259375 0.125 0.26875 0.140625 0.26875 0.1421875 0.278125 0.159375 0.278125 0.1609375 0.2875 0.228125 0.2875 0.228125 0.2953125 0.234375 0.296875 0.234375 0.3421875 0.228125 0.34375 0.228125 0.3703125 0.221875 0.371875 0.221875 0.3875 0.215625 0.3890625 0.215625 0.396875 0.209375 0.3984375 0.209375 0.40625 0.203125 0.4078125 0.203125 0.415625 0.1984375 0.415625 0.196875 0.425 0.190625 0.4265625 0.190625 0.434375 0.1796875 0.434375 0.178125 0.44375 0.1296875 0.44375 0.128125 0.453125 0.10625 0.453125 0.1046875 0.44375 0.0875 0.44375 0.0875 0.4359375 0.08125 0.434375 0.0796875 0.425 0.06875 0.425 0.0671875 0.415625 0.05625 0.415625 0.05625 0.4078125 0.05 0.40625 0.0484375 0.396875 0.0375 0.396875 0.0375 0.3796875 0.03125 0.378125 0.03125 0.353125 0.025 0.3515625 0.025 0.296875 0.03125 0.2953125 0.03125 0.26875 0.0375 0.2671875 0.0375 0.25 0.0421875 0.25 0.04375 0.2421875 0.05 0.240625 0.05 0.2234375 0.05625 0.221875 0.05625 0.2140625 0.0625 0.2125 0.0625 0.20625
0 0.06875 0 0.246875 0 0.246875 0.0078125 0.2515625 0.009375 0.2515625 0.0171875 0.2578125 0.01875 0.259375 0.028125 0.2640625 0.028125 0.2640625 0.0546875 0.2703125 0.05625 0.2703125 0.0828125 0.2765625 0.084375 0.2765625 0.203125 0.2703125 0.2046875 0.2703125 0.221875 0.265625 0.221875 0.2640625 0.23125 0.2578125 0.2328125 0.2578125 0.2484375 0.2515625 0.25 0.2515625 0.2578125 0.246875 0.259375 0.246875 0.2671875 0.2359375 0.2671875 0.234375 0.2765625 0.221875 0.278125 0.221875 0.2859375 0.1796875 0.2859375 0.178125 0.2765625 0.1546875 0.2765625 0.153125 0.2671875 0.1296875 0.2671875 0.1296875 0.259375 0.11875 0.2578125 0.1171875 0.2484375 0.10625 0.2484375 0.10625 0.2421875 0.1 0.240625 0.1 0.2328125 0.09375 0.23125 0.0921875 0.221875 0.08125 0.221875 0.08125 0.2140625 0.075 0.2125 0.075 0.2046875 0.06875 0.203125 0.0671875 0.19375 0.0625 0.19375 0.0625 0.1765625 0.05625 0.175 0.05625 0.1484375 0.05 0.146875 0.05 0.065625 0.05625 0.0640625 0.05625 0.0375 0.0625 0.0359375 0.0625 0.01875 0.06875 0.0171875 0.06875 0.0015625
0 0.2359375 0.353125 0.240625 0.353125 0.240625 0.3609375 0.246875 0.3625 0.246875 0.3703125 0.2515625 0.371875 0.2515625 0.378125 0.2578125 0.3796875 0.2578125 0.3875 0.2515625 0.3890625 0.2515625 0.40625 0.246875 0.4078125 0.246875 0.453125 0.240625 0.4546875 0.240625 0.490625 0.2296875 0.490625 0.228125 0.48125 0.2171875 0.48125 0.215625 0.471875 0.2046875 0.471875 0.2046875 0.4640625 0.1984375 0.4625 0.196875 0.453125 0.1859375 0.453125 0.1859375 0.4359375 0.1921875 0.434375 0.1921875 0.4265625 0.1984375 0.425 0.1984375 0.4171875 0.2046875 0.415625 0.2046875 0.4078125 0.2109375 0.40625 0.2109375 0.3984375 0.2171875 0.396875 0.2171875 0.3890625 0.2234375 0.3875 0.2234375 0.3796875 0.2296875 0.378125 0.2296875 0.3625 0.2359375 0.3609375 0.2359375 0.3546875
0 0 0.30625 0.0171875 0.30625 0.0171875 0.3140625 0.0234375 0.315625 0.0234375 0.3515625 0.0296875 0.353125 0.0296875 0.378125 0.0359375 0.3796875 0.0359375 0.396875 0.0421875 0.3984375 0.0421875 0.40625 0.0359375 0.4078125 0.0359375 0.415625 0 0.415625 0 0.3078125
0 0.125 0.4546875 0.184375 0.4546875 0.1859375 0.4640625 0.203125 0.4640625 0.203125 0.471875 0.209375 0.4734375 0.2109375 0.4828125 0.221875 0.4828125 0.221875 0.490625 0.228125 0.4921875 0.228125 0.4984375 0.234375 0.5 0.234375 0.5078125 0.240625 0.509375 0.240625 0.5359375 0.246875 0.5375 0.246875 0.5546875 0.2515625 0.55625 0.2515625 0.5828125 0.2578125 0.584375 0.2578125 0.6015625 0.2640625 0.603125 0.2640625 0.6203125 0.2703125 0.621875 0.2703125 0.665625 0.2640625 0.6671875 0.2640625 0.69375 0.259375 0.69375 0.2578125 0.703125 0.2515625 0.7046875 0.2515625 0.721875 0.246875 0.7234375 0.246875 0.73125 0.234375 0.7328125 0.234375 0.740625 0.2234375 0.740625 0.221875 0.7484375 0.215625 0.75 0.215625 0.7578125 0.2046875 0.7578125 0.203125 0.7671875 0.196875 0.76875 0.196875 0.7765625 0.1859375 0.7765625 0.184375 0.7859375 0.125 0.7859375 0.1234375 0.7765625 0.1125 0.7765625 0.1109375 0.7671875 0.1 0.7671875 0.1 0.759375 0.09375 0.7578125 0.09375 0.75 0.0875 0.7484375 0.0875 0.7421875 0.08125 0.740625 0.08125 0.7328125 0.075 0.73125 0.075 0.7234375 0.06875 0.721875 0.06875 0.7046875 0.0625 0.703125 0.0609375 0.69375 0.05625 0.69375 0.05625 0.6578125 0.05 0.65625 0.05 0.565625 0.05625 0.5640625 0.05625 0.546875 0.0625 0.5453125 0.0625 0.51875 0.06875 0.5171875 0.06875 0.509375 0.075 0.5078125 0.075 0.5 0.0796875 0.5 0.08125 0.4921875 0.0875 0.490625 0.0875 0.4828125 0.1 0.48125 0.1 0.4734375 0.10625 0.471875 0.10625 0.4640625 0.1234375 0.4640625 0.125 0.45625
0 0.278125 0.6296875 0.2953125 0.6296875 0.296875 0.6390625 0.3390625 0.6390625 0.340625 0.6484375 0.375 0.6484375 0.3765625 0.6578125 0.39375 0.6578125 0.3953125 0.6484375 0.4125 0.6484375 0.4125 0.665625 0.40625 0.6671875 0.40625 0.675 0.4015625 0.675 0.4 0.684375 0.39375 0.6859375 0.39375 0.703125 0.38125 0.7046875 0.38125 0.7125 0.375 0.7140625 0.375 0.721875 0.3703125 0.7234375 0.3703125 0.73125 0.3640625 0.7328125 0.3640625 0.740625 0.340625 0.740625 0.3390625 0.73125 0.315625 0.73125 0.3140625 0.721875 0.271875 0.721875 0.271875 0.7140625 0.265625 0.7125 0.265625 0.6859375 0.271875 0.684375 0.271875 0.6578125 0.278125 0.65625 0.278125 0.63125
0 0.296875 0.028125 0.3203125 0.028125 0.3203125 0.0453125 0.321875 0.046875 0.3328125 0.046875 0.334375 0.05625 0.3578125 0.05625 0.359375 0.065625 0.40625 0.065625 0.40625 0.0734375 0.4125 0.075 0.4125 0.0828125 0.41875 0.084375 0.4203125 0.09375 0.425 0.09375 0.425 0.1203125 0.43125 0.121875 0.43125 0.1375 0.4375 0.1390625 0.4375 0.203125 0.43125 0.2046875 0.43125 0.240625 0.425 0.2421875 0.425 0.2578125 0.4203125 0.2578125 0.41875 0.2671875 0.4125 0.26875 0.4125 0.2859375 0.4015625 0.2859375 0.4 0.2953125 0.39375 0.296875 0.39375 0.3046875 0.346875 0.3046875 0.3453125 0.3140625 0.290625 0.3140625 0.2890625 0.3046875 0.278125 0.3046875 0.2765625 0.2953125 0.265625 0.2953125 0.265625 0.2875 0.259375 0.2859375 0.2578125 0.2765625 0.253125 0.2765625 0.253125 0.259375 0.259375 0.2578125 0.259375 0.2421875 0.2640625 0.2421875 0.265625 0.2328125 0.271875 0.23125 0.271875 0.2140625 0.278125 0.2125 0.278125 0.1859375 0.284375 0.184375 0.284375 0.1671875 0.278125 0.165625 0.278125 0.075 0.271875 0.0734375 0.271875 0.05625 0.278125 0.0546875 0.278125 0.046875 0.284375 0.0453125 0.284375 0.0375 0.296875 0.0359375 0.296875 0.0296875
0 0 0.6578125 0.0171875 0.6578125 0.01875 0.6671875 0.0359375 0.6671875 0.0359375 0.675 0.0421875 0.6765625 0.0421875 0.684375 0.0484375 0.6859375 0.0484375 0.69375 0.0546875 0.6953125 0.0546875 0.703125 0.0609375 0.7046875 0.0609375 0.73125 0.0671875 0.7328125 0.06875 0.7421875 0.0734375 0.7421875 0.0734375 0.7671875 0.0796875 0.76875 0.0796875 0.8140625 0.0859375 0.815625 0.0859375 0.8328125 0.0796875 0.834375 0.0796875 0.8609375 0.0734375 0.8625 0.0734375 0.878125 0.0671875 0.8796875 0.0671875 0.896875 0.0609375 0.8984375 0.0609375 0.90625 0.0546875 0.9078125 0.0546875 0.915625 0.0484375 0.9171875 0.0484375 0.925 0.0421875 0.9265625 0.0421875 0.934375 0.0359375 0.9359375 0.0359375 0.94375 0.025 0.94375 0.0234375 0.953125 0.0109375 0.9546875 0.0109375 0.9625 0 0.9625 0 0.659375
0 0.9828125 0.3984375 0.9984375 0.3984375 0.9984375 0.5828125 0.99375 0.584375 0.99375 0.6109375 0.9984375 0.6125 0.9984375 0.721875 0.9640625 0.721875 0.9625 0.7125 0.9453125 0.7125 0.9453125 0.7046875 0.9390625 0.703125 0.9390625 0.6859375 0.9328125 0.684375 0.9328125 0.6765625 0.9390625 0.675 0.9390625 0.6296875 0.9453125 0.628125 0.9453125 0.59375 0.9390625 0.5921875 0.9390625 0.55625 0.9328125 0.5546875 0.9328125 0.5375 0.9265625 0.5359375 0.9265625 0.528125 0.9203125 0.5265625 0.9203125 0.51875 0.9140625 0.5171875 0.9125 0.5078125 0.9078125 0.5078125 0.9078125 0.4734375 0.9140625 0.471875 0.9140625 0.4640625 0.9203125 0.4625 0.9203125 0.4546875 0.9265625 0.453125 0.9265625 0.4453125 0.9328125 0.44375 0.9328125 0.4359375 0.9390625 0.434375 0.9390625 0.4265625 0.95 0.4265625 0.9515625 0.4171875 0.9640625 0.415625 0.9640625 0.4078125 0.98125 0.4078125 0.9828125 0.4
0 0.290625 0 0.43125 0 0.43125 0.0171875 0.4265625 0.0171875 0.425 0.0265625 0.41875 0.028125 0.41875 0.0359375 0.4125 0.0375 0.4125 0.0453125 0.40625 0.046875 0.40625 0.0546875 0.334375 0.0546875 0.3328125 0.0453125 0.321875 0.0453125 0.321875 0.0375 0.315625 0.0359375 0.3140625 0.0265625 0.303125 0.0265625 0.303125 0.01875 0.296875 0.0171875 0.296875 0.009375 0.290625 0.0078125 0.290625 0.0015625
0 0 0.4171875 0.0109375 0.4171875 0.0125 0.4265625 0.0421875 0.4265625 0.0421875 0.434375 0.0546875 0.4359375 0.0546875 0.44375 0.0609375 0.4453125 0.0609375 0.453125 0.0734375 0.4546875 0.0734375 0.4625 0.0796875 0.4640625 0.0796875 0.490625 0.0734375 0.4921875 0.0734375 0.5078125 0.0609375 0.509375 0.0609375 0.5265625 0.0546875 0.528125 0.0546875 0.5640625 0.0484375 0.565625 0.0484375 0.665625 0.025 0.665625 0.0234375 0.65625 0.0125 0.65625 0.0109375 0.646875 0 0.646875 0 0.41875
0 0.9890625 0.7234375 0.99375 0.7234375 0.99375 0.73125 0.9984375 0.7328125 0.9984375 0.94375 0.99375 0.9453125 0.99375 0.9625 0.9984375 0.9640625 0.9984375 0.971875 0.99375 0.9734375 0.99375 0.9984375 0.9203125 0.9984375 0.91875 0.990625 0.9078125 0.990625 0.9078125 0.9828125 0.9015625 0.98125 0.9015625 0.9640625 0.8953125 0.9625 0.8953125 0.9453125 0.8890625 0.94375 0.8890625 0.871875 0.8953125 0.8703125 0.8953125 0.84375 0.9015625 0.8421875 0.9015625 0.825 0.90625 0.825 0.9078125 0.815625 0.9140625 0.8140625 0.9140625 0.796875 0.9203125 0.7953125 0.9203125 0.7875 0.9265625 0.7859375 0.9265625 0.778125 0.9328125 0.7765625 0.9328125 0.76875 0.9390625 0.7671875 0.9390625 0.759375 0.9453125 0.7578125 0.9453125 0.75 0.9515625 0.7484375 0.9515625 0.7421875 0.9625 0.7421875 0.9640625 0.7328125 0.9875 0.7328125 0.9890625 0.725
0 0.4453125 0.296875 0.45 0.296875 0.4515625 0.30625 0.4625 0.30625 0.4625 0.3140625 0.46875 0.315625 0.46875 0.3234375 0.475 0.325 0.475 0.3328125 0.48125 0.334375 0.48125 0.3421875 0.49375 0.34375 0.49375 0.3515625 0.4984375 0.353125 0.4984375 0.3609375 0.5109375 0.3625 0.5125 0.371875 0.5359375 0.371875 0.5375 0.3796875 0.5921875 0.3796875 0.5921875 0.3875 0.5984375 0.3890625 0.5984375 0.396875 0.58125 0.396875 0.5796875 0.40625 0.55 0.40625 0.5484375 0.415625 0.53125 0.415625 0.5296875 0.425 0.5125 0.425 0.5125 0.4078125 0.50625 0.40625 0.50625 0.3890625 0.4953125 0.3875 0.49375 0.3890625 0.49375 0.415625 0.4984375 0.4171875 0.4984375 0.434375 0.5046875 0.4359375 0.5046875 0.453125 0.49375 0.4546875 0.49375 0.4625 0.4875 0.4640625 0.4875 0.471875 0.4765625 0.471875 0.4765625 0.4640625 0.4703125 0.4625 0.4703125 0.4453125 0.4640625 0.44375 0.4625 0.434375 0.4578125 0.434375 0.4578125 0.4171875 0.4515625 0.415625 0.4515625 0.3984375 0.4453125 0.396875 0.4453125 0.3796875 0.4390625 0.378125 0.4390625 0.3625 0.4328125 0.3609375 0.4328125 0.34375 0.4265625 0.3421875 0.4265625 0.325 0.4328125 0.3234375 0.4328125 0.30625 0.44375 0.30625 0.4453125 0.2984375
0 0.784375 0.4546875 0.8515625 0.4546875 0.853125 0.4640625 0.8703125 0.4640625 0.8703125 0.471875 0.875 0.4734375 0.875 0.48125 0.8875 0.4828125 0.8875 0.490625 0.89375 0.4921875 0.89375 0.4984375 0.9 0.5 0.9 0.5078125 0.90625 0.509375 0.90625 0.5171875 0.9125 0.51875 0.9125 0.5265625 0.91875 0.528125 0.91875 0.5359375 0.925 0.5375 0.925 0.5546875 0.93125 0.55625 0.93125 0.5828125 0.9375 0.584375 0.9375 0.65625 0.93125 0.6578125 0.93125 0.684375 0.925 0.6859375 0.925 0.703125 0.91875 0.7046875 0.91875 0.7125 0.9125 0.7140625 0.9125 0.721875 0.90625 0.7234375 0.90625 0.73125 0.9 0.7328125 0.9 0.740625 0.8953125 0.740625 0.89375 0.7484375 0.8875 0.75 0.8875 0.7578125 0.88125 0.759375 0.88125 0.7671875 0.871875 0.7671875 0.8703125 0.7765625 0.859375 0.7765625 0.8578125 0.7859375 0.834375 0.7859375 0.8328125 0.7953125 0.803125 0.7953125 0.8015625 0.7859375 0.784375 0.7859375 0.7828125 0.7765625 0.765625 0.7765625 0.7640625 0.7671875 0.753125 0.7671875 0.753125 0.759375 0.7484375 0.7578125 0.7484375 0.75 0.7359375 0.7484375 0.7359375 0.7421875 0.7296875 0.740625 0.7296875 0.7328125 0.7234375 0.73125 0.7234375 0.7140625 0.7171875 0.7125 0.7171875 0.6859375 0.7109375 0.684375 0.7109375 0.565625 0.7171875 0.5640625 0.7171875 0.546875 0.7234375 0.5453125 0.7234375 0.528125 0.728125 0.528125 0.7296875 0.51875 0.7359375 0.5171875 0.7359375 0.5 0.740625 0.5 0.7421875 0.4921875 0.7484375 0.490625 0.7484375 0.4828125 0.759375 0.48125 0.759375 0.4734375 0.765625 0.471875 0.765625 0.4640625 0.7828125 0.4640625 0.784375 0.45625
0 0.2484375 0 0.2890625 0 0.2890625 0.0265625 0.2828125 0.028125 0.2828125 0.0359375 0.2765625 0.0375 0.2765625 0.0453125 0.265625 0.0453125 0.265625 0.0375 0.259375 0.0359375 0.259375 0.01875 0.253125 0.0171875 0.253125 0.009375 0.2484375 0.0078125 0.2484375 0.0015625
0 0.8953125 0 0.99375 0 0.99375 0.0078125 0.9984375 0.009375 0.9984375 0.0546875 0.99375 0.05625 0.99375 0.0640625 0.9984375 0.065625 0.9984375 0.0921875 0.9875 0.09375 0.9875 0.1015625 0.99375 0.103125 0.99375 0.1203125 0.9984375 0.121875 0.9984375 0.19375 0.9828125 0.19375 0.98125 0.184375 0.9640625 0.184375 0.9625 0.175 0.9515625 0.175 0.9515625 0.1671875 0.9453125 0.165625 0.94375 0.15625 0.9390625 0.15625 0.9390625 0.1484375 0.9328125 0.146875 0.93125 0.1375 0.9265625 0.1375 0.9265625 0.1296875 0.9203125 0.128125 0.91875 0.1203125 0.9140625 0.1203125 0.9140625 0.103125 0.9078125 0.1015625 0.9078125 0.075 0.9015625 0.0734375 0.9015625 0.046875 0.8953125 0.0453125 0.8953125 0.0015625
0 0 0.009375 0.0109375 0.009375 0.0109375 0.0171875 0.0171875 0.01875 0.0171875 0.0265625 0.0234375 0.028125 0.0234375 0.0359375 0.0296875 0.0375 0.03125 0.046875 0.0359375 0.046875 0.0359375 0.0640625 0.0421875 0.065625 0.0421875 0.1015625 0.0484375 0.103125 0.0484375 0.1109375 0.0421875 0.1125 0.0421875 0.1203125 0.0484375 0.121875 0.0484375 0.165625 0.0546875 0.1671875 0.0546875 0.184375 0.0484375 0.1859375 0.0484375 0.203125 0.0421875 0.2046875 0.0421875 0.221875 0.0359375 0.2234375 0.0359375 0.240625 0.0296875 0.2421875 0.0296875 0.2578125 0.0234375 0.259375 0.0234375 0.2765625 0.0171875 0.278125 0.0171875 0.2859375 0.0109375 0.2875 0.0109375 0.2953125 0 0.2953125 0 0.0109375
0 0.271875 0.7234375 0.2953125 0.7234375 0.296875 0.7328125 0.3265625 0.7328125 0.328125 0.7421875 0.3390625 0.7421875 0.340625 0.75 0.3515625 0.75 0.3515625 0.7578125 0.3578125 0.759375 0.359375 0.76875 0.3703125 0.76875 0.3703125 0.7859375 0.375 0.7875 0.375 0.7953125 0.38125 0.796875 0.38125 0.8046875 0.3875 0.80625 0.3875 0.8140625 0.39375 0.815625 0.39375 0.8328125 0.4 0.834375 0.4 0.8609375 0.40625 0.8625 0.40625 0.8875 0.4 0.8890625 0.4 0.90625 0.40625 0.9078125 0.40625 0.915625 0.4 0.9171875 0.4 0.953125 0.39375 0.9546875 0.39375 0.971875 0.3875 0.9734375 0.3875 0.990625 0.38125 0.9921875 0.38125 0.9984375 0.1921875 0.9984375 0.1921875 0.9828125 0.1859375 0.98125 0.1859375 0.9546875 0.1796875 0.953125 0.1796875 0.834375 0.1859375 0.8328125 0.1859375 0.815625 0.1921875 0.8140625 0.1921875 0.7875 0.196875 0.7875 0.1984375 0.778125 0.2046875 0.7765625 0.2046875 0.76875 0.2171875 0.7671875 0.2171875 0.759375 0.2234375 0.7578125 0.2234375 0.75 0.234375 0.75 0.2359375 0.7421875 0.246875 0.7421875 0.2484375 0.7328125 0.2703125 0.7328125 0.271875 0.725
0 0.59375 0 0.721875 0 0.721875 0.0078125 0.7171875 0.0078125 0.715625 0.0171875 0.709375 0.01875 0.709375 0.0265625 0.6859375 0.0265625 0.684375 0.0359375 0.6609375 0.0359375 0.659375 0.0453125 0.6421875 0.0453125 0.6421875 0.0375 0.640625 0.0359375 0.625 0.0359375 0.6234375 0.0265625 0.60625 0.0265625 0.6046875 0.0171875 0.59375 0.0171875 0.59375 0.0015625