1 0.790625 0.0453125 0.7953125 0.0453125 0.7953125 0.0515625 0.8015625 0.053125 0.8015625 0.08125 0.7953125 0.0828125 0.7953125 0.1046875 0.7890625 0.10625 0.7890625 0.15 0.7953125 0.1515625 0.7953125 0.171875 0.7890625 0.1734375 0.7890625 0.1796875 0.7828125 0.18125 0.7828125 0.1875 0.7765625 0.1890625 0.7765625 0.1953125 0.771875 0.1953125 0.7703125 0.2015625 0.753125 0.2015625 0.753125 0.1734375 0.7515625 0.171875 0.7359375 0.171875 0.7359375 0.165625 0.7296875 0.1640625 0.7296875 0.0984375 0.7359375 0.096875 0.7359375 0.0828125 0.746875 0.0828125 0.7484375 0.0765625 0.753125 0.075 0.753125 0.06875 0.7640625 0.06875 0.765625 0.0609375 0.7765625 0.0609375 0.778125 0.053125 0.7890625 0.053125 0.790625 0.046875
1 0.796875 0.1890625 0.8078125 0.1890625 0.8078125 0.2328125 0.8015625 0.234375 0.8015625 0.2546875 0.7953125 0.25625 0.7953125 0.2625 0.7890625 0.2640625 0.7890625 0.2703125 0.778125 0.2703125 0.7765625 0.278125 0.7703125 0.2796875 0.7703125 0.2921875 0.7640625 0.29375 0.7640625 0.3 0.759375 0.3 0.7578125 0.3078125 0.7515625 0.309375 0.7515625 0.315625 0.746875 0.3171875 0.746875 0.321875 0.7421875 0.321875 0.740625 0.3296875 0.734375 0.33125 0.734375 0.3453125 0.728125 0.346875 0.728125 0.353125 0.7046875 0.353125 0.7046875 0.346875 0.6984375 0.3453125 0.696875 0.3375 0.6921875 0.3375 0.6921875 0.3234375 0.6859375 0.321875 0.6859375 0.2859375 0.6921875 0.284375 0.6921875 0.271875 0.6984375 0.2703125 0.6984375 0.2640625 0.7046875 0.2625 0.7046875 0.25625 0.7109375 0.2546875 0.7109375 0.2484375 0.721875 0.2484375 0.7234375 0.240625 0.728125 0.240625 0.7296875 0.234375 0.740625 0.234375 0.7421875 0.2265625 0.7515625 0.2265625 0.753125 0.21875 0.759375 0.2171875 0.759375 0.2109375 0.7703125 0.2109375 0.771875 0.203125 0.7765625 0.203125 0.778125 0.196875 0.7953125 0.196875 0.796875 0.190625
1 0.4265625 0.3921875 0.44375 0.3921875 0.4453125 0.4 0.5234375 0.4 0.525 0.40625 0.6171875 0.40625 0.6171875 0.4125 0.628125 0.4140625 0.628125 0.4203125 0.634375 0.421875 0.634375 0.428125 0.640625 0.4296875 0.6421875 0.4375 0.646875 0.4375 0.646875 0.465625 0.640625 0.4671875 0.640625 0.4734375 0.6296875 0.4734375 0.628125 0.4796875 0.56875 0.4796875 0.5671875 0.4734375 0.5375 0.4734375 0.5375 0.4671875 0.525 0.465625 0.5234375 0.4578125 0.50625 0.4578125 0.5046875 0.45 0.4890625 0.45 0.4875 0.4421875 0.4703125 0.4421875 0.46875 0.4359375 0.4578125 0.4359375 0.45625 0.428125 0.4453125 0.428125 0.44375 0.4203125 0.4328125 0.4203125 0.4328125 0.4140625 0.4265625 0.4125 0.4265625 0.39375
1 0.4203125 0.421875 0.43125 0.421875 0.4328125 0.4296875 0.45 0.4296875 0.4515625 0.4375 0.4625 0.4375 0.4640625 0.44375 0.475 0.44375 0.4765625 0.4515625 0.4984375 0.4515625 0.5 0.459375 0.5171875 0.459375 0.5171875 0.465625 0.5296875 0.4671875 0.53125 0.475 0.5546875 0.475 0.55625 0.48125 0.5796875 0.48125 0.58125 0.4890625 0.5984375 0.4890625 0.6 0.496875 0.6109375 0.496875 0.6125 0.5046875 0.6234375 0.5046875 0.6234375 0.51875 0.628125 0.5203125 0.628125 0.525 0.6234375 0.5265625 0.6234375 0.5484375 0.6171875 0.55 0.6171875 0.55625 0.60625 0.55625 0.6046875 0.5625 0.575 0.5625 0.575 0.5578125 0.56875 0.55625 0.5671875 0.5484375 0.55625 0.5484375 0.5546875 0.540625 0.5375 0.540625 0.5375 0.534375 0.525 0.5328125 0.5234375 0.525 0.5125 0.525 0.5109375 0.51875 0.5 0.51875 0.5 0.5125 0.4890625 0.5109375 0.4890625 0.5046875 0.4828125 0.503125 0.48125 0.4953125 0.4703125 0.4953125 0.4703125 0.4890625 0.4640625 0.4875 0.4625 0.4796875 0.4515625 0.4796875 0.4515625 0.475 0.4453125 0.4734375 0.44375 0.465625 0.4328125 0.465625 0.4328125 0.459375 0.4265625 0.4578125 0.425 0.45 0.4203125 0.45 0.4203125 0.4375 0.4140625 0.4359375 0.4140625 0.4296875 0.41875 0.4296875 0.4203125 0.4234375
1 0.821875 0.3546875 0.8453125 0.3546875 0.846875 0.3609375 0.8703125 0.3609375 0.871875 0.36875 0.9 0.36875 0.9015625 0.3765625 0.9125 0.3765625 0.9125 0.3828125 0.925 0.384375 0.9265625 0.3921875 0.9375 0.3921875 0.9375 0.3984375 0.94375 0.4 0.9453125 0.40625 0.95 0.40625 0.95 0.4125 0.95625 0.4140625 0.95625 0.4203125 0.9625 0.421875 0.9625 0.428125 0.96875 0.4296875 0.9703125 0.4375 0.975 0.4375 0.975 0.45 0.98125 0.4515625 0.98125 0.4953125 0.975 0.496875 0.975 0.503125 0.96875 0.5046875 0.96875 0.5109375 0.9578125 0.5109375 0.95625 0.51875 0.9015625 0.51875 0.9015625 0.5125 0.8953125 0.5109375 0.8953125 0.5046875 0.8828125 0.503125 0.88125 0.4953125 0.871875 0.4953125 0.871875 0.4890625 0.865625 0.4875 0.8640625 0.4796875 0.853125 0.4796875 0.8515625 0.4734375 0.840625 0.4734375 0.840625 0.4671875 0.834375 0.465625 0.834375 0.459375 0.828125 0.4578125 0.828125 0.4515625 0.821875 0.45 0.821875 0.44375 0.815625 0.4421875 0.815625 0.4375 0.809375 0.4359375 0.809375 0.4296875 0.803125 0.428125 0.803125 0.421875 0.796875 0.4203125 0.796875 0.4140625 0.790625 0.4125 0.790625 0.3921875 0.796875 0.390625 0.796875 0.3765625 0.803125 0.375 0.803125 0.36875 0.809375 0.3671875 0.809375 0.3609375 0.8203125 0.3609375 0.821875 0.35625
1 0.7421875 0.459375 0.7640625 0.459375 0.7640625 0.465625 0.7703125 0.4671875 0.7703125 0.4734375 0.7765625 0.475 0.778125 0.48125 0.7828125 0.48125 0.7828125 0.4875 0.7890625 0.4890625 0.7890625 0.4953125 0.7953125 0.496875 0.7953125 0.503125 0.8015625 0.5046875 0.8015625 0.5109375 0.8078125 0.5125 0.8078125 0.51875 0.8140625 0.5203125 0.815625 0.5265625 0.8265625 0.5265625 0.8265625 0.5328125 0.8328125 0.534375 0.8328125 0.540625 0.8390625 0.5421875 0.840625 0.55 0.8453125 0.55 0.8453125 0.5625 0.8390625 0.5640625 0.8390625 0.5703125 0.821875 0.5703125 0.8203125 0.578125 0.803125 0.578125 0.8015625 0.5859375 0.790625 0.5859375 0.790625 0.5796875 0.784375 0.578125 0.7828125 0.5703125 0.778125 0.5703125 0.778125 0.5578125 0.771875 0.55625 0.771875 0.5421875 0.765625 0.540625 0.765625 0.534375 0.759375 0.5328125 0.759375 0.5203125 0.753125 0.51875 0.753125 0.5046875 0.7484375 0.503125 0.7484375 0.4890625 0.7421875 0.4875 0.7421875 0.4609375
1 0.871875 0 0.93125 0 0.93125 0.00625 0.925 0.0078125 0.925 0.04375 0.91875 0.0453125 0.91875 0.1046875 0.925 0.10625 0.925 0.134375 0.93125 0.1359375 0.93125 0.1640625 0.925 0.165625 0.925 0.1875 0.91875 0.1890625 0.91875 0.1953125 0.9078125 0.1953125 0.90625 0.2015625 0.8953125 0.2015625 0.8953125 0.1890625 0.8890625 0.1875 0.8875 0.1796875 0.8765625 0.1796875 0.8765625 0.1734375 0.871875 0.171875 0.871875 0.053125 0.865625 0.0515625 0.865625 0.0078125 0.8703125 0.0078125 0.871875 0.0015625
1 0.6734375 0.459375 0.690625 0.459375 0.690625 0.465625 0.696875 0.4671875 0.696875 0.4734375 0.690625 0.475 0.690625 0.4953125 0.684375 0.496875 0.684375 0.525 0.678125 0.5265625 0.678125 0.55625 0.671875 0.5578125 0.671875 0.6234375 0.665625 0.625 0.665625 0.63125 0.6546875 0.63125 0.653125 0.6390625 0.6296875 0.6390625 0.628125 0.6453125 0.61875 0.6453125 0.61875 0.6328125 0.6125 0.63125 0.6125 0.6015625 0.6171875 0.6015625 0.61875 0.5953125 0.625 0.59375 0.625 0.5796875 0.6296875 0.578125 0.6296875 0.5578125 0.6359375 0.55625 0.6359375 0.534375 0.6421875 0.5328125 0.6421875 0.5125 0.6484375 0.5109375 0.6484375 0.496875 0.653125 0.496875 0.6546875 0.4890625 0.6609375 0.4875 0.6609375 0.475 0.6671875 0.4734375 0.6671875 0.4671875 0.671875 0.4671875 0.6734375 0.4609375
1 0.853125 0.29375 0.925 0.29375 0.9265625 0.3015625 0.94375 0.3015625 0.94375 0.3078125 0.95625 0.309375 0.9578125 0.3171875 0.975 0.3171875 0.9765625 0.3234375 0.9875 0.3234375 0.9890625 0.33125 0.9984375 0.33125 0.9984375 0.4421875 0.9890625 0.4421875 0.9875 0.4359375 0.9765625 0.4359375 0.9765625 0.4296875 0.9703125 0.428125 0.96875 0.4125 0.9578125 0.4125 0.9578125 0.40625 0.9515625 0.4046875 0.95 0.3984375 0.9453125 0.3984375 0.94375 0.390625 0.9328125 0.390625 0.9328125 0.384375 0.9203125 0.3828125 0.91875 0.375 0.9015625 0.375 0.9 0.3671875 0.8828125 0.3671875 0.88125 0.359375 0.853125 0.359375 0.8515625 0.353125 0.828125 0.353125 0.828125 0.346875 0.821875 0.3453125 0.8203125 0.3375 0.815625 0.3375 0.815625 0.3234375 0.8203125 0.3234375 0.821875 0.3171875 0.828125 0.315625 0.828125 0.309375 0.8390625 0.309375 0.840625 0.3015625 0.8515625 0.3015625 0.853125 0.2953125
1 0.353125 0.4671875 0.375 0.4671875 0.375 0.4953125 0.38125 0.496875 0.38125 0.525 0.3875 0.5265625 0.3875 0.540625 0.39375 0.5421875 0.3953125 0.55 0.4 0.55 0.4 0.5703125 0.40625 0.571875 0.40625 0.5859375 0.4125 0.5875 0.4125 0.6 0.41875 0.6015625 0.41875 0.615625 0.425 0.6171875 0.425 0.63125 0.43125 0.6328125 0.43125 0.6390625 0.4375 0.640625 0.4390625 0.646875 0.44375 0.646875 0.44375 0.653125 0.45 0.6546875 0.4515625 0.6625 0.45625 0.6625 0.45625 0.6828125 0.4625 0.684375 0.4640625 0.6921875 0.46875 0.6921875 0.46875 0.70625 0.475 0.7078125 0.475 0.7203125 0.48125 0.721875 0.48125 0.7359375 0.4875 0.7375 0.4890625 0.7453125 0.49375 0.7453125 0.49375 0.759375 0.4984375 0.7609375 0.4984375 0.7734375 0.49375 0.775 0.49375 0.78125 0.4765625 0.78125 0.475 0.7734375 0.4453125 0.7734375 0.44375 0.765625 0.4265625 0.765625 0.425 0.759375 0.4140625 0.759375 0.4140625 0.753125 0.4015625 0.7515625 0.4015625 0.7453125 0.3953125 0.74375 0.3953125 0.7375 0.3890625 0.7359375 0.3890625 0.7296875 0.3828125 0.728125 0.3828125 0.721875 0.3765625 0.7203125 0.3765625 0.715625 0.371875 0.7140625 0.371875 0.7 0.365625 0.6984375 0.365625 0.684375 0.359375 0.6828125 0.3578125 0.6765625 0.353125 0.6765625 0.353125 0.6625 0.346875 0.6609375 0.346875 0.640625 0.340625 0.6390625 0.340625 0.625 0.334375 0.6234375 0.334375 0.609375 0.328125 0.6078125 0.328125 0.55 0.334375 0.5484375 0.334375 0.534375 0.340625 0.5328125 0.340625 0.5203125 0.346875 0.51875 0.346875 0.4890625 0.353125 0.4875 0.353125 0.46875
1 0.3890625 0.4515625 0.40625 0.4515625 0.40625 0.465625 0.4125 0.4671875 0.4125 0.4796875 0.41875 0.48125 0.41875 0.503125 0.425 0.5046875 0.425 0.5109375 0.43125 0.5125 0.43125 0.51875 0.4375 0.5203125 0.4390625 0.5265625 0.44375 0.5265625 0.44375 0.5328125 0.45 0.534375 0.45 0.540625 0.45625 0.5421875 0.45625 0.5484375 0.46875 0.55 0.46875 0.55625 0.475 0.5578125 0.4765625 0.5640625 0.48125 0.5640625 0.4828125 0.571875 0.49375 0.571875 0.49375 0.578125 0.4984375 0.5796875 0.5 0.5875 0.5046875 0.5875 0.5046875 0.59375 0.5171875 0.5953125 0.5171875 0.6 0.5234375 0.6015625 0.5234375 0.6078125 0.5296875 0.609375 0.5296875 0.615625 0.5421875 0.6171875 0.5421875 0.6234375 0.5484375 0.625 0.5484375 0.63125 0.5546875 0.6328125 0.5546875 0.6390625 0.5609375 0.640625 0.5625 0.646875 0.5671875 0.646875 0.5671875 0.66875 0.5609375 0.6703125 0.5609375 0.6765625 0.54375 0.6765625 0.5421875 0.6828125 0.5125 0.6828125 0.5109375 0.690625 0.4953125 0.690625 0.49375 0.6828125 0.4828125 0.6828125 0.48125 0.6765625 0.4703125 0.6765625 0.4703125 0.6703125 0.4640625 0.66875 0.4625 0.6609375 0.4578125 0.6609375 0.4578125 0.646875 0.4453125 0.6453125 0.4453125 0.640625 0.4390625 0.6390625 0.4390625 0.6328125 0.4328125 0.63125 0.4328125 0.625 0.4265625 0.6234375 0.4265625 0.609375 0.4203125 0.6078125 0.41875 0.6 0.4140625 0.6 0.4140625 0.5796875 0.4078125 0.578125 0.4078125 0.5640625 0.4015625 0.5625 0.4015625 0.55 0.3953125 0.5484375 0.3953125 0.534375 0.3890625 0.5328125 0.3890625 0.5046875 0.3828125 0.503125 0.3828125 0.459375 0.3875 0.459375 0.3890625 0.453125
1 0.4140625 0.459375 0.425 0.459375 0.4265625 0.4671875 0.4375 0.4671875 0.4390625 0.475 0.45 0.475 0.45 0.4796875 0.45625 0.48125 0.4578125 0.4890625 0.46875 0.4890625 0.46875 0.4953125 0.475 0.496875 0.4765625 0.5046875 0.4875 0.5046875 0.4875 0.5109375 0.49375 0.5125 0.4953125 0.5203125 0.5046875 0.5203125 0.50625 0.5265625 0.5171875 0.5265625 0.51875 0.534375 0.5296875 0.534375 0.53125 0.5421875 0.5421875 0.5421875 0.54375 0.55 0.5546875 0.55 0.55625 0.5578125 0.5671875 0.5578125 0.5671875 0.5625 0.5734375 0.5640625 0.575 0.571875 0.5859375 0.571875 0.5859375 0.578125 0.5921875 0.5796875 0.5921875 0.59375 0.5875 0.59375 0.5859375 0.6 0.5796875 0.6015625 0.5796875 0.6078125 0.5734375 0.609375 0.5734375 0.615625 0.5796875 0.6171875 0.5796875 0.6234375 0.5921875 0.625 0.5921875 0.63125 0.55625 0.63125 0.55625 0.625 0.55 0.6234375 0.5484375 0.615625 0.5375 0.615625 0.5375 0.609375 0.53125 0.6078125 0.5296875 0.6 0.51875 0.6 0.51875 0.5953125 0.5125 0.59375 0.5109375 0.5859375 0.5 0.5859375 0.5 0.5796875 0.4953125 0.578125 0.4953125 0.571875 0.4828125 0.5703125 0.4828125 0.5640625 0.4765625 0.5625 0.475 0.55625 0.4703125 0.55625 0.4703125 0.55 0.4578125 0.5484375 0.4578125 0.5421875 0.4515625 0.540625 0.4515625 0.534375 0.4453125 0.5328125 0.4453125 0.5265625 0.4390625 0.525 0.4375 0.51875 0.4328125 0.51875 0.4328125 0.5125 0.4265625 0.5109375 0.425 0.503125 0.4203125 0.503125 0.4203125 0.48125 0.4140625 0.4796875 0.4140625 0.4609375
1 0.8953125 0.2109375 0.9375 0.2109375 0.9375 0.225 0.93125 0.2265625 0.93125 0.246875 0.925 0.2484375 0.925 0.2625 0.9125 0.2640625 0.9125 0.278125 0.9015625 0.278125 0.9 0.284375 0.865625 0.284375 0.8640625 0.2921875 0.846875 0.2921875 0.8453125 0.3 0.8328125 0.3015625 0.8328125 0.3078125 0.821875 0.3078125 0.8203125 0.315625 0.815625 0.315625 0.8140625 0.321875 0.8078125 0.3234375 0.8078125 0.3296875 0.8015625 0.33125 0.8015625 0.3375 0.790625 0.3375 0.7890625 0.3453125 0.778125 0.3453125 0.7765625 0.353125 0.765625 0.353125 0.7640625 0.359375 0.7484375 0.359375 0.7484375 0.3546875 0.7421875 0.353125 0.7421875 0.33125 0.7484375 0.3296875 0.7484375 0.3234375 0.753125 0.321875 0.753125 0.3171875 0.759375 0.315625 0.759375 0.309375 0.765625 0.3078125 0.765625 0.3015625 0.771875 0.3 0.771875 0.29375 0.778125 0.2921875 0.778125 0.2859375 0.7890625 0.2859375 0.790625 0.2796875 0.796875 0.278125 0.796875 0.271875 0.809375 0.2703125 0.809375 0.2640625 0.815625 0.2625 0.815625 0.25625 0.8328125 0.25625 0.834375 0.2484375 0.8453125 0.2484375 0.846875 0.240625 0.8578125 0.240625 0.859375 0.234375 0.8703125 0.234375 0.871875 0.2265625 0.88125 0.2265625 0.8828125 0.21875 0.89375 0.21875 0.8953125 0.2125
1 0.525 0.271875 0.5984375 0.271875 0.6 0.2796875 0.6234375 0.2796875 0.625 0.2859375 0.640625 0.2859375 0.6421875 0.29375 0.653125 0.29375 0.6546875 0.3015625 0.665625 0.3015625 0.665625 0.3078125 0.671875 0.309375 0.671875 0.3296875 0.665625 0.33125 0.665625 0.3375 0.659375 0.3390625 0.659375 0.3453125 0.653125 0.346875 0.653125 0.353125 0.6421875 0.353125 0.640625 0.359375 0.4328125 0.359375 0.4328125 0.3546875 0.4265625 0.353125 0.4265625 0.346875 0.4328125 0.3453125 0.4328125 0.3390625 0.4390625 0.3375 0.4390625 0.33125 0.45 0.33125 0.4515625 0.3234375 0.45625 0.3234375 0.4578125 0.3171875 0.46875 0.3171875 0.4703125 0.309375 0.48125 0.309375 0.4828125 0.3015625 0.4890625 0.3 0.4890625 0.29375 0.4984375 0.29375 0.5 0.2859375 0.5109375 0.2859375 0.5125 0.2796875 0.5234375 0.2796875 0.525 0.2734375
1 0.9953125 0.159375 0.9984375 0.159375 0.9984375 0.2546875 0.99375 0.25625 0.99375 0.2703125 0.9984375 0.271875 0.9984375 0.321875 0.9828125 0.321875 0.98125 0.315625 0.9703125 0.315625 0.96875 0.3078125 0.9578125 0.3078125 0.95625 0.3 0.9390625 0.3 0.9390625 0.29375 0.9328125 0.2921875 0.9328125 0.2859375 0.9390625 0.284375 0.9390625 0.2484375 0.9453125 0.246875 0.9453125 0.21875 0.9515625 0.2171875 0.9515625 0.2109375 0.95625 0.2109375 0.9578125 0.203125 0.9625 0.203125 0.9640625 0.196875 0.9703125 0.1953125 0.9703125 0.1890625 0.9765625 0.1875 0.9765625 0.18125 0.9828125 0.1796875 0.9828125 0.1734375 0.9875 0.1734375 0.9890625 0.165625 0.99375 0.165625 0.9953125 0.1609375
1 0.771875 0.4296875 0.7765625 0.4296875 0.778125 0.4375 0.7953125 0.4375 0.796875 0.44375 0.8078125 0.44375 0.8078125 0.45 0.8140625 0.4515625 0.8140625 0.4578125 0.8203125 0.459375 0.8203125 0.465625 0.8265625 0.4671875 0.828125 0.475 0.8453125 0.475 0.846875 0.48125 0.8578125 0.48125 0.859375 0.4890625 0.8703125 0.4890625 0.871875 0.496875 0.88125 0.496875 0.8828125 0.5046875 0.89375 0.5046875 0.89375 0.5109375 0.9 0.5125 0.9 0.5328125 0.89375 0.534375 0.89375 0.540625 0.8875 0.5421875 0.8875 0.5484375 0.8765625 0.5484375 0.875 0.55625 0.853125 0.55625 0.8515625 0.5484375 0.840625 0.5484375 0.840625 0.5421875 0.834375 0.540625 0.834375 0.534375 0.828125 0.5328125 0.828125 0.5265625 0.815625 0.525 0.815625 0.5203125 0.809375 0.51875 0.809375 0.5125 0.803125 0.5109375 0.803125 0.5046875 0.796875 0.503125 0.796875 0.496875 0.790625 0.4953125 0.7890625 0.4875 0.784375 0.4875 0.784375 0.48125 0.778125 0.4796875 0.778125 0.475 0.771875 0.4734375 0.771875 0.4671875 0.765625 0.465625 0.765625 0.459375 0.759375 0.4578125 0.759375 0.4515625 0.753125 0.45 0.753125 0.4375 0.7703125 0.4375 0.771875 0.43125
1 0.7046875 0.459375 0.715625 0.459375 0.715625 0.4875 0.721875 0.4890625 0.721875 0.503125 0.715625 0.5046875 0.715625 0.540625 0.721875 0.5421875 0.721875 0.5859375 0.728125 0.5875 0.728125 0.6 0.721875 0.6015625 0.721875 0.6078125 0.7109375 0.6078125 0.709375 0.615625 0.6921875 0.615625 0.690625 0.6234375 0.6796875 0.6234375 0.6796875 0.6171875 0.6734375 0.615625 0.6734375 0.55 0.6796875 0.5484375 0.6796875 0.5265625 0.6859375 0.525 0.6859375 0.5046875 0.6921875 0.503125 0.6921875 0.475 0.6984375 0.4734375 0.6984375 0.4671875 0.703125 0.4671875 0.7046875 0.4609375
1 0.6421875 0.3546875 0.646875 0.3546875 0.646875 0.359375 0.653125 0.3609375 0.653125 0.3671875 0.6484375 0.3671875 0.646875 0.375 0.640625 0.3765625 0.640625 0.390625 0.634375 0.3921875 0.634375 0.3984375 0.6296875 0.3984375 0.628125 0.4046875 0.54375 0.4046875 0.5421875 0.3984375 0.4640625 0.3984375 0.4625 0.390625 0.4203125 0.390625 0.4203125 0.36875 0.4265625 0.3671875 0.4265625 0.3609375 0.640625 0.3609375 0.6421875 0.35625
1 0.7234375 0.0984375 0.728125 0.0984375 0.728125 0.1640625 0.734375 0.165625 0.734375 0.1875 0.728125 0.1890625 0.728125 0.2015625 0.721875 0.203125 0.721875 0.209375 0.715625 0.2109375 0.715625 0.2171875 0.709375 0.21875 0.709375 0.225 0.6921875 0.225 0.6921875 0.2109375 0.6859375 0.209375 0.6859375 0.1890625 0.6796875 0.1875 0.6796875 0.165625 0.6859375 0.1640625 0.6859375 0.14375 0.690625 0.14375 0.6921875 0.1359375 0.6984375 0.134375 0.6984375 0.128125 0.7046875 0.1265625 0.7046875 0.1140625 0.715625 0.1140625 0.7171875 0.10625 0.721875 0.10625 0.7234375 0.1
1 0.7234375 0.4515625 0.728125 0.4515625 0.7296875 0.459375 0.740625 0.459375 0.740625 0.4875 0.746875 0.4890625 0.746875 0.503125 0.7515625 0.5046875 0.7515625 0.51875 0.7578125 0.5203125 0.7578125 0.5328125 0.7640625 0.534375 0.7640625 0.5484375 0.7703125 0.55 0.7703125 0.55625 0.7765625 0.5578125 0.7765625 0.5703125 0.7828125 0.571875 0.7828125 0.5859375 0.7765625 0.5875 0.7765625 0.59375 0.765625 0.59375 0.7640625 0.6 0.7421875 0.6 0.740625 0.6078125 0.7359375 0.6078125 0.7359375 0.6015625 0.7296875 0.6 0.728125 0.59375 0.7234375 0.59375 0.7234375 0.55 0.7171875 0.5484375 0.7171875 0.5125 0.7234375 0.5109375 0.7234375 0.4890625 0.7171875 0.4875 0.7171875 0.459375 0.721875 0.459375 0.7234375 0.453125
1 0.853125 0.015625 0.8578125 0.015625 0.8578125 0.021875 0.8640625 0.0234375 0.8640625 0.059375 0.8703125 0.0609375 0.8703125 0.1578125 0.8640625 0.159375 0.8640625 0.2015625 0.8578125 0.203125 0.8578125 0.225 0.8515625 0.2265625 0.8515625 0.2328125 0.846875 0.2328125 0.8453125 0.2390625 0.828125 0.2390625 0.828125 0.234375 0.821875 0.2328125 0.821875 0.1890625 0.815625 0.1875 0.8140625 0.1796875 0.809375 0.1796875 0.809375 0.14375 0.803125 0.1421875 0.803125 0.128125 0.809375 0.1265625 0.809375 0.1203125 0.803125 0.11875 0.803125 0.053125 0.809375 0.0515625 0.809375 0.0453125 0.8140625 0.0453125 0.815625 0.0390625 0.8265625 0.0390625 0.828125 0.03125 0.8390625 0.03125 0.840625 0.0234375 0.8515625 0.0234375 0.853125 0.0171875