2 0.1859375 0.8203125 0.190625 0.8203125 0.1921875 0.828125 0.209375 0.828125 0.209375 0.8359375 0.215625 0.8375 0.215625 0.84375 0.221875 0.8453125 0.221875 0.8515625 0.228125 0.853125 0.2296875 0.8609375 0.234375 0.8609375 0.234375 0.86875 0.240625 0.8703125 0.240625 0.884375 0.246875 0.8859375 0.246875 0.9015625 0.2515625 0.903125 0.2515625 0.975 0.246875 0.9765625 0.246875 0.9828125 0.240625 0.984375 0.240625 0.990625 0.2296875 0.990625 0.228125 0.9984375 0.1984375 0.9984375 0.196875 0.990625 0.1734375 0.990625 0.1734375 0.984375 0.1671875 0.9828125 0.1671875 0.9765625 0.1609375 0.975 0.159375 0.9671875 0.1546875 0.9671875 0.1546875 0.94375 0.1484375 0.9421875 0.1484375 0.9265625 0.1421875 0.925 0.1421875 0.8859375 0.1484375 0.884375 0.1484375 0.8609375 0.153125 0.8609375 0.1546875 0.853125 0.1609375 0.8515625 0.1609375 0.8453125 0.1671875 0.84375 0.1671875 0.8375 0.1734375 0.8359375 0.1734375 0.828125 0.184375 0.828125 0.1859375 0.821875
2 0.7359375 0.378125 0.7703125 0.378125 0.7703125 0.384375 0.7765625 0.3859375 0.778125 0.39375 0.7828125 0.39375 0.7828125 0.4015625 0.7890625 0.403125 0.7890625 0.4171875 0.7953125 0.41875 0.7953125 0.434375 0.8015625 0.4359375 0.8015625 0.5078125 0.7953125 0.509375 0.7953125 0.5234375 0.790625 0.5234375 0.7890625 0.53125 0.7828125 0.5328125 0.7828125 0.540625 0.7765625 0.5421875 0.7765625 0.5484375 0.759375 0.5484375 0.7578125 0.55625 0.7296875 0.55625 0.7296875 0.55 0.7234375 0.5484375 0.721875 0.540625 0.7171875 0.540625 0.7171875 0.5328125 0.7109375 0.53125 0.7109375 0.525 0.6984375 0.5234375 0.6984375 0.5171875 0.6921875 0.515625 0.690625 0.5078125 0.6859375 0.5078125 0.6859375 0.4359375 0.6921875 0.434375 0.6921875 0.4109375 0.696875 0.4109375 0.6984375 0.403125 0.7046875 0.4015625 0.7046875 0.39375 0.715625 0.39375 0.7171875 0.3859375 0.734375 0.3859375 0.7359375 0.3796875
2 0.5625 0.18125 0.6171875 0.18125 0.61875 0.1890625 0.628125 0.1890625 0.628125 0.1953125 0.634375 0.196875 0.634375 0.2125 0.640625 0.2140625 0.640625 0.228125 0.646875 0.2296875 0.646875 0.3109375 0.640625 0.3125 0.640625 0.3265625 0.634375 0.328125 0.634375 0.3359375 0.628125 0.3375 0.628125 0.34375 0.6234375 0.3453125 0.6234375 0.3515625 0.6171875 0.353125 0.6171875 0.359375 0.59375 0.359375 0.5921875 0.36875 0.55625 0.36875 0.55625 0.3609375 0.55 0.359375 0.55 0.353125 0.54375 0.3515625 0.54375 0.3453125 0.5375 0.34375 0.5359375 0.3359375 0.53125 0.3359375 0.53125 0.3203125 0.525 0.31875 0.5234375 0.3109375 0.51875 0.3109375 0.51875 0.2796875 0.5125 0.278125 0.5125 0.2625 0.51875 0.2609375 0.51875 0.2296875 0.525 0.228125 0.525 0.2140625 0.53125 0.2125 0.53125 0.20625 0.5421875 0.20625 0.54375 0.196875 0.55 0.1953125 0.55 0.1890625 0.5609375 0.1890625 0.5625 0.1828125
2 0.5625 0.3859375 0.5984375 0.3859375 0.6 0.39375 0.6109375 0.39375 0.6109375 0.4015625 0.6171875 0.403125 0.6171875 0.409375 0.6234375 0.4109375 0.6234375 0.4171875 0.628125 0.41875 0.628125 0.434375 0.634375 0.4359375 0.6359375 0.44375 0.640625 0.44375 0.640625 0.4578125 0.646875 0.459375 0.646875 0.4828125 0.653125 0.484375 0.653125 0.515625 0.646875 0.5171875 0.646875 0.540625 0.640625 0.5421875 0.640625 0.55625 0.6359375 0.55625 0.634375 0.5640625 0.628125 0.565625 0.628125 0.5734375 0.6234375 0.575 0.6234375 0.58125 0.6171875 0.5828125 0.6171875 0.5890625 0.60625 0.5890625 0.6046875 0.596875 0.5875 0.596875 0.5859375 0.60625 0.58125 0.60625 0.5796875 0.596875 0.55 0.596875 0.5484375 0.5890625 0.5375 0.5890625 0.5359375 0.58125 0.525 0.58125 0.525 0.575 0.51875 0.5734375 0.5171875 0.5640625 0.50625 0.5640625 0.50625 0.55 0.5 0.5484375 0.5 0.459375 0.50625 0.4578125 0.50625 0.44375 0.5125 0.4421875 0.5125 0.4359375 0.51875 0.434375 0.51875 0.4265625 0.5234375 0.4265625 0.525 0.41875 0.53125 0.4171875 0.53125 0.4109375 0.5375 0.409375 0.5375 0.403125 0.54375 0.4015625 0.54375 0.39375 0.5609375 0.39375 0.5625 0.3875
2 0.4953125 0.7390625 0.5046875 0.7390625 0.50625 0.746875 0.5234375 0.746875 0.5234375 0.753125 0.5296875 0.7546875 0.53125 0.7625 0.5421875 0.7625 0.5421875 0.778125 0.5484375 0.7796875 0.5484375 0.79375 0.5546875 0.7953125 0.5546875 0.859375 0.55 0.859375 0.5484375 0.86875 0.5421875 0.8703125 0.5421875 0.884375 0.5375 0.884375 0.5359375 0.8921875 0.5296875 0.89375 0.5296875 0.9015625 0.51875 0.9015625 0.5171875 0.909375 0.4703125 0.909375 0.46875 0.9015625 0.4578125 0.9015625 0.4578125 0.89375 0.4515625 0.8921875 0.4515625 0.8859375 0.4453125 0.884375 0.44375 0.8765625 0.4390625 0.8765625 0.4390625 0.8609375 0.4328125 0.859375 0.4328125 0.828125 0.4390625 0.8265625 0.4390625 0.7953125 0.4453125 0.79375 0.4453125 0.7796875 0.45 0.7796875 0.4515625 0.771875 0.4578125 0.7703125 0.4578125 0.7625 0.4640625 0.7609375 0.4640625 0.7546875 0.475 0.7546875 0.4765625 0.746875 0.49375 0.746875 0.4953125 0.740625
2 0.4140625 0.878125 0.4375 0.878125 0.4375 0.884375 0.44375 0.8859375 0.4453125 0.89375 0.45625 0.89375 0.45625 0.9015625 0.4625 0.903125 0.4625 0.909375 0.475 0.9109375 0.475 0.9171875 0.48125 0.91875 0.4828125 0.9265625 0.4875 0.9265625 0.4875 0.990625 0.48125 0.9921875 0.48125 0.9984375 0.371875 0.9984375 0.371875 0.984375 0.365625 0.9828125 0.3640625 0.975 0.359375 0.975 0.359375 0.9265625 0.365625 0.925 0.365625 0.9109375 0.371875 0.909375 0.371875 0.903125 0.3765625 0.9015625 0.3765625 0.89375 0.4 0.89375 0.4015625 0.8859375 0.4125 0.8859375 0.4140625 0.8796875
2 0.9765625 0.6734375 0.9984375 0.6734375 0.9984375 0.8109375 0.9890625 0.8109375 0.9890625 0.8046875 0.9828125 0.803125 0.9828125 0.7953125 0.9765625 0.79375 0.9765625 0.7796875 0.9703125 0.778125 0.9703125 0.7625 0.9640625 0.7609375 0.9640625 0.696875 0.96875 0.696875 0.9703125 0.6890625 0.9765625 0.6875 0.9765625 0.675
2 0.00625 0.8046875 0.0671875 0.8046875 0.06875 0.8125 0.0859375 0.8125 0.0859375 0.81875 0.0984375 0.8203125 0.0984375 0.8265625 0.1046875 0.828125 0.1046875 0.8359375 0.1109375 0.8375 0.1109375 0.8515625 0.1171875 0.853125 0.1171875 0.86875 0.1234375 0.8703125 0.1234375 0.934375 0.1171875 0.9359375 0.1171875 0.95 0.1125 0.95 0.1109375 0.9578125 0.1046875 0.959375 0.1046875 0.975 0.0984375 0.9765625 0.0984375 0.9828125 0.0921875 0.984375 0.0921875 0.990625 0.0859375 0.9921875 0.0859375 0.9984375 0 0.9984375 0 0.8125 0.0046875 0.8125 0.00625 0.80625
2 0.6421875 0.328125 0.665625 0.328125 0.665625 0.3359375 0.678125 0.3375 0.678125 0.34375 0.684375 0.3453125 0.684375 0.359375 0.690625 0.3609375 0.690625 0.425 0.684375 0.4265625 0.684375 0.4421875 0.6796875 0.4421875 0.678125 0.45 0.671875 0.4515625 0.671875 0.4578125 0.665625 0.459375 0.665625 0.4671875 0.6484375 0.4671875 0.6484375 0.4515625 0.6421875 0.45 0.6421875 0.4359375 0.6359375 0.434375 0.6359375 0.4265625 0.6296875 0.425 0.6296875 0.41875 0.625 0.4171875 0.625 0.4109375 0.61875 0.409375 0.6171875 0.4015625 0.6125 0.4015625 0.6125 0.39375 0.6 0.3921875 0.6 0.3859375 0.59375 0.384375 0.5921875 0.3765625 0.5875 0.3765625 0.5875 0.3703125 0.6 0.36875 0.6 0.3609375 0.6171875 0.3609375 0.61875 0.353125 0.628125 0.353125 0.6296875 0.3453125 0.6359375 0.34375 0.6359375 0.3375 0.6421875 0.3359375 0.6421875 0.3296875
2 0.61875 0 0.728125 0 0.728125 0.0078125 0.734375 0.009375 0.734375 0.03125 0.740625 0.0328125 0.740625 0.1140625 0.734375 0.115625 0.734375 0.1296875 0.728125 0.13125 0.728125 0.1390625 0.721875 0.140625 0.721875 0.146875 0.715625 0.1484375 0.715625 0.1546875 0.709375 0.15625 0.709375 0.1625 0.6796875 0.1625 0.678125 0.171875 0.6296875 0.171875 0.6296875 0.1640625 0.61875 0.1625 0.61875 0.15625 0.6125 0.1546875 0.6109375 0.146875 0.60625 0.146875 0.60625 0.13125 0.6 0.1296875 0.6 0.0421875 0.60625 0.040625 0.60625 0.025 0.6125 0.0234375 0.6125 0.009375 0.61875 0.0078125 0.61875 0.0015625
2 0.1609375 0.196875 0.178125 0.196875 0.1796875 0.20625 0.196875 0.20625 0.196875 0.2125 0.203125 0.2140625 0.203125 0.2203125 0.209375 0.221875 0.2109375 0.2296875 0.215625 0.2296875 0.215625 0.2453125 0.221875 0.246875 0.221875 0.2859375 0.215625 0.2875 0.215625 0.303125 0.2109375 0.303125 0.209375 0.3109375 0.203125 0.3125 0.203125 0.31875 0.196875 0.3203125 0.196875 0.3265625 0.190625 0.328125 0.190625 0.3359375 0.1796875 0.3359375 0.178125 0.34375 0.1671875 0.34375 0.165625 0.3515625 0.153125 0.353125 0.153125 0.359375 0.11875 0.359375 0.1171875 0.3515625 0.10625 0.3515625 0.1046875 0.34375 0.09375 0.34375 0.09375 0.328125 0.0875 0.3265625 0.0859375 0.31875 0.08125 0.31875 0.08125 0.3046875 0.075 0.303125 0.075 0.2546875 0.0796875 0.2546875 0.08125 0.246875 0.0875 0.2453125 0.0875 0.2296875 0.09375 0.228125 0.09375 0.221875 0.1046875 0.221875 0.10625 0.2140625 0.11875 0.2125 0.11875 0.20625 0.159375 0.20625 0.1609375 0.1984375
2 0.575 0.7140625 0.628125 0.7140625 0.628125 0.7203125 0.634375 0.721875 0.634375 0.728125 0.646875 0.7296875 0.646875 0.7375 0.653125 0.7390625 0.6546875 0.746875 0.659375 0.746875 0.659375 0.7703125 0.665625 0.771875 0.665625 0.8359375 0.6609375 0.8359375 0.659375 0.84375 0.653125 0.8453125 0.653125 0.859375 0.6421875 0.859375 0.640625 0.86875 0.634375 0.8703125 0.634375 0.8765625 0.60625 0.8765625 0.6046875 0.86875 0.5875 0.86875 0.5875 0.8609375 0.58125 0.859375 0.58125 0.853125 0.575 0.8515625 0.5734375 0.84375 0.56875 0.84375 0.56875 0.828125 0.5625 0.8265625 0.5625 0.8046875 0.55625 0.803125 0.55625 0.771875 0.55 0.7703125 0.55 0.7625 0.55625 0.7609375 0.55625 0.7390625 0.5625 0.7375 0.5625 0.7296875 0.56875 0.728125 0.56875 0.721875 0.5734375 0.721875 0.575 0.715625
2 0.265625 0.525 0.3078125 0.525 0.309375 0.5328125 0.3328125 0.5328125 0.334375 0.5421875 0.3453125 0.5421875 0.346875 0.55 0.3578125 0.55 0.3578125 0.55625 0.3640625 0.5578125 0.365625 0.565625 0.3703125 0.565625 0.3703125 0.5734375 0.375 0.575 0.375 0.596875 0.38125 0.5984375 0.38125 0.6390625 0.375 0.640625 0.375 0.6625 0.3703125 0.6640625 0.3703125 0.6796875 0.365625 0.6796875 0.3640625 0.6875 0.3578125 0.6890625 0.3578125 0.6953125 0.3515625 0.696875 0.3515625 0.7046875 0.3453125 0.70625 0.3453125 0.7125 0.328125 0.7125 0.3265625 0.7203125 0.290625 0.7203125 0.290625 0.7140625 0.284375 0.7125 0.2828125 0.7046875 0.271875 0.7046875 0.2703125 0.6953125 0.253125 0.6953125 0.2515625 0.6875 0.2421875 0.6875 0.2421875 0.68125 0.2359375 0.6796875 0.234375 0.671875 0.2296875 0.671875 0.2296875 0.65625 0.2234375 0.6546875 0.2234375 0.590625 0.2296875 0.5890625 0.2296875 0.575 0.234375 0.575 0.2359375 0.565625 0.2421875 0.5640625 0.2421875 0.55 0.2484375 0.5484375 0.2484375 0.5421875 0.2578125 0.5421875 0.259375 0.5328125 0.2640625 0.5328125 0.265625 0.5265625
2 0.9890625 0.5171875 0.99375 0.5171875 0.99375 0.5234375 0.9984375 0.525 0.9984375 0.6625 0.9890625 0.6625 0.9875 0.6546875 0.9765625 0.6546875 0.9765625 0.6484375 0.9703125 0.646875 0.96875 0.6390625 0.9640625 0.6390625 0.9640625 0.63125 0.9578125 0.6296875 0.9578125 0.6078125 0.9515625 0.60625 0.9515625 0.575 0.9578125 0.5734375 0.9578125 0.55 0.9640625 0.5484375 0.9640625 0.5328125 0.9703125 0.53125 0.9703125 0.525 0.9875 0.525 0.9890625 0.51875
2 0.334375 0.0828125 0.3515625 0.0828125 0.353125 0.090625 0.3703125 0.090625 0.3703125 0.096875 0.375 0.0984375 0.375 0.121875 0.3703125 0.1234375 0.3703125 0.1390625 0.3640625 0.140625 0.3640625 0.1625 0.3578125 0.1640625 0.3578125 0.171875 0.271875 0.171875 0.271875 0.1484375 0.265625 0.146875 0.265625 0.1234375 0.271875 0.121875 0.271875 0.1078125 0.278125 0.10625 0.278125 0.0984375 0.284375 0.096875 0.284375 0.090625 0.3328125 0.090625 0.334375 0.084375
2 0.790625 0 0.8265625 0 0.828125 0.009375 0.8390625 0.009375 0.840625 0 0.94375 0 0.94375 0.03125 0.9375 0.0328125 0.9375 0.0484375 0.93125 0.05 0.93125 0.0640625 0.9265625 0.0640625 0.925 0.0734375 0.91875 0.075 0.91875 0.0890625 0.9140625 0.0890625 0.9125 0.096875 0.90625 0.0984375 0.90625 0.10625 0.9 0.1078125 0.9 0.1140625 0.8890625 0.1140625 0.8875 0.121875 0.859375 0.121875 0.8578125 0.1140625 0.834375 0.1140625 0.834375 0.1078125 0.828125 0.10625 0.8265625 0.096875 0.815625 0.096875 0.815625 0.090625 0.809375 0.0890625 0.809375 0.0828125 0.803125 0.08125 0.8015625 0.0734375 0.796875 0.0734375 0.796875 0.05 0.790625 0.0484375 0.790625 0.0015625
2 0.3765625 0 0.43125 0 0.4328125 0.009375 0.4625 0.009375 0.4625 0.0234375 0.46875 0.025 0.46875 0.0890625 0.4625 0.090625 0.4625 0.10625 0.4265625 0.10625 0.425 0.096875 0.4140625 0.096875 0.4125 0.10625 0.3765625 0.10625 0.3765625 0.0984375 0.371875 0.096875 0.371875 0.075 0.365625 0.0734375 0.365625 0.0421875 0.371875 0.040625 0.371875 0.025 0.3765625 0.0234375 0.3765625 0.0015625
2 0.834375 0.65625 0.8578125 0.65625 0.859375 0.6640625 0.8703125 0.6640625 0.871875 0.6734375 0.88125 0.6734375 0.88125 0.6796875 0.8875 0.68125 0.8890625 0.6890625 0.89375 0.6890625 0.89375 0.7046875 0.9 0.70625 0.9015625 0.7140625 0.90625 0.7140625 0.90625 0.728125 0.9125 0.7296875 0.9125 0.803125 0.9078125 0.803125 0.90625 0.8109375 0.9 0.8125 0.9 0.8265625 0.89375 0.828125 0.89375 0.8359375 0.8875 0.8375 0.8875 0.84375 0.88125 0.8453125 0.88125 0.8515625 0.871875 0.8515625 0.8703125 0.859375 0.828125 0.859375 0.8265625 0.8515625 0.809375 0.8515625 0.809375 0.8453125 0.803125 0.84375 0.803125 0.828125 0.796875 0.8265625 0.7953125 0.81875 0.790625 0.81875 0.790625 0.8046875 0.784375 0.803125 0.784375 0.7875 0.778125 0.7859375 0.778125 0.771875 0.771875 0.7703125 0.771875 0.696875 0.778125 0.6953125 0.778125 0.6890625 0.784375 0.6875 0.784375 0.68125 0.7953125 0.68125 0.796875 0.6734375 0.8078125 0.6734375 0.809375 0.6640625 0.8328125 0.6640625 0.834375 0.6578125
2 0.2234375 0 0.375 0 0.375 0.0078125 0.3703125 0.009375 0.3703125 0.03125 0.3640625 0.0328125 0.3640625 0.05625 0.3578125 0.0578125 0.3578125 0.0640625 0.346875 0.0640625 0.3453125 0.0734375 0.3390625 0.075 0.3390625 0.08125 0.259375 0.08125 0.259375 0.075 0.253125 0.0734375 0.253125 0.065625 0.2421875 0.0640625 0.2421875 0.0578125 0.2359375 0.05625 0.2359375 0.0421875 0.2296875 0.040625 0.2296875 0.025 0.2234375 0.0234375 0.2234375 0.0015625
2 0 0.525 0.0484375 0.525 0.0484375 0.53125 0.0546875 0.5328125 0.0546875 0.540625 0.0609375 0.5421875 0.0609375 0.5484375 0.0671875 0.55 0.0671875 0.55625 0.0734375 0.5578125 0.075 0.565625 0.0796875 0.565625 0.0796875 0.5890625 0.0859375 0.590625 0.0859375 0.6140625 0.0921875 0.615625 0.0921875 0.646875 0.0859375 0.6484375 0.0859375 0.6625 0.06875 0.6625 0.0671875 0.671875 0.0375 0.671875 0.0359375 0.6796875 0.0296875 0.68125 0.0296875 0.6875 0.0171875 0.6890625 0.0171875 0.7046875 0.0109375 0.70625 0.0109375 0.7125 0 0.7125 0 0.5265625
2 0.8765625 0.459375 0.93125 0.459375 0.93125 0.4671875 0.94375 0.46875 0.94375 0.475 0.95 0.4765625 0.95 0.4828125 0.95625 0.484375 0.9578125 0.4921875 0.9625 0.4921875 0.9625 0.540625 0.95625 0.5421875 0.95625 0.55625 0.95 0.5578125 0.95 0.5734375 0.94375 0.575 0.94375 0.58125 0.9328125 0.58125 0.93125 0.5890625 0.859375 0.5890625 0.859375 0.5828125 0.853125 0.58125 0.8515625 0.5734375 0.846875 0.5734375 0.846875 0.5578125 0.840625 0.55625 0.840625 0.4921875 0.846875 0.490625 0.846875 0.4765625 0.8578125 0.4765625 0.859375 0.46875 0.875 0.46875 0.8765625 0.4609375
2 0.346875 0.7140625 0.375 0.7140625 0.3765625 0.721875 0.39375 0.721875 0.3953125 0.7296875 0.40625 0.7296875 0.40625 0.7375 0.4125 0.7390625 0.4140625 0.746875 0.41875 0.746875 0.41875 0.7609375 0.425 0.7625 0.425 0.778125 0.43125 0.7796875 0.43125 0.84375 0.425 0.8453125 0.425 0.859375 0.41875 0.8609375 0.41875 0.86875 0.4125 0.8703125 0.4125 0.8765625 0.40625 0.878125 0.40625 0.884375 0.3953125 0.884375 0.39375 0.8921875 0.371875 0.8921875 0.3703125 0.9015625 0.334375 0.9015625 0.3328125 0.8921875 0.321875 0.8921875 0.321875 0.8859375 0.315625 0.884375 0.315625 0.878125 0.309375 0.8765625 0.3078125 0.86875 0.303125 0.86875 0.303125 0.8609375 0.296875 0.859375 0.296875 0.8453125 0.290625 0.84375 0.290625 0.8125 0.284375 0.8109375 0.284375 0.8046875 0.290625 0.803125 0.290625 0.7625 0.296875 0.7609375 0.296875 0.746875 0.3015625 0.746875 0.303125 0.7390625 0.309375 0.7375 0.309375 0.7296875 0.3203125 0.7296875 0.321875 0.721875 0.3453125 0.721875 0.346875 0.715625
2 0.24074074074074076 0.2786885245901639 0.24691358024691357 0.29508196721311475 0.2839506172839506 0.3360655737704918 0.32098765432098764 0.3360655737704918 0.3395061728395062 0.32786885245901637 0.3641975308641975 0.29508196721311475 0.3765432098765432 0.2622950819672131 0.37037037037037035 0.21311475409836061 0.345679012345679 0.1721311475409836 0.2716049382716049 0.1721311475409836 0.24074074074074076 0.20491803278688522 0.2345679012345679 0.22950819672131145 0.24074074074074076 0.2786885245901639
2 0.06790123456790123 0.0901639344262295 0.07407407407407407 0.09836065573770492 0.07407407407407407 0.12295081967213113 0.09876543209876543 0.16393442622950818 0.09876543209876543 0.1721311475409836 0.11111111111111112 0.180327868852459 0.12962962962962962 0.1885245901639344 0.18518518518518517 0.180327868852459 0.19753086419753085 0.1721311475409836 0.22222222222222224 0.13114754098360654 0.22222222222222224 0.05737704918032786 0.20370370370370366 0.02459016393442623 0.17901234567901234 0.008196721311475409 0.11728395061728394 0 0.09876543209876543 0.008196721311475409 0.07407407407407407 0.04918032786885246 0.07407407407407407 0.08196721311475409 0.06790123456790123 0.0901639344262295
2 0.3641975308641975 0.180327868852459 0.38271604938271603 0.22950819672131145 0.4012345679012346 0.2622950819672131 0.4444444444444445 0.2622950819672131 0.4691358024691358 0.22950819672131145 0.47530864197530864 0.21311475409836061 0.47530864197530864 0.1721311475409836 0.4567901234567901 0.12295081967213113 0.43209876543209874 0.10655737704918031 0.3950617283950617 0.10655737704918031 0.3765432098765432 0.12295081967213113 0.3641975308641975 0.1557377049180328 0.3641975308641975 0.180327868852459
2 0.47530864197530864 0.0901639344262295 0.47530864197530864 0.14754098360655737 0.5 0.1885245901639344 0.537037037037037 0.1885245901639344 0.5617283950617284 0.1721311475409836 0.5802469135802469 0.14754098360655737 0.5864197530864197 0.13114754098360654 0.5864197530864197 0.08196721311475409 0.5679012345679012 0.04918032786885246 0.5123456790123456 0.04918032786885246 0.48765432098765427 0.06557377049180327 0.48765432098765427 0.07377049180327869 0.47530864197530864 0.0901639344262295
2 0.40740740740740733 0.3688524590163934 0.41975308641975306 0.41803278688524587 0.4382716049382716 0.45081967213114754 0.48765432098765427 0.4590163934426229 0.537037037037037 0.3770491803278688 0.537037037037037 0.35245901639344257 0.5 0.29508196721311475 0.4444444444444445 0.29508196721311475 0.4135802469135802 0.32786885245901637 0.40740740740740733 0.3442622950819672 0.40740740740740733 0.3688524590163934
2 0.2716049382716049 0.4672131147540983 0.29012345679012347 0.5 0.29012345679012347 0.5081967213114754 0.32098765432098764 0.5245901639344261 0.3641975308641975 0.5245901639344261 0.3888888888888889 0.5081967213114754 0.3888888888888889 0.5 0.40740740740740733 0.4672131147540983 0.40740740740740733 0.4016393442622951 0.4012345679012346 0.3770491803278688 0.3765432098765432 0.3442622950819672 0.31481481481481477 0.3442622950819672 0.2962962962962963 0.35245901639344257 0.2777777777777778 0.38524590163934425 0.2716049382716049 0.40983606557377045 0.2716049382716049 0.4672131147540983
2 0.16666666666666666 0.40983606557377045 0.17901234567901234 0.42622950819672123 0.17901234567901234 0.43442622950819665 0.21604938271604937 0.4590163934426229 0.2530864197530864 0.4590163934426229 0.25925925925925924 0.45081967213114754 0.26543209876543206 0.38524590163934425 0.2777777777777778 0.360655737704918 0.2777777777777778 0.3442622950819672 0.26543209876543206 0.32786885245901637 0.25925925925925924 0.32786885245901637 0.24074074074074076 0.3032786885245901 0.22222222222222224 0.3032786885245901 0.1728395061728395 0.35245901639344257 0.16666666666666666 0.3688524590163934 0.16666666666666666 0.40983606557377045
2 0.08641975308641975 0.5819672131147541 0.09876543209876543 0.6147540983606558 0.11728395061728394 0.6393442622950819 0.12962962962962962 0.6475409836065573 0.14814814814814814 0.6475409836065573 0.15432098765432098 0.6557377049180327 0.20370370370370366 0.6475409836065573 0.20987654320987653 0.6393442622950819 0.20987654320987653 0.6065573770491802 0.21604938271604937 0.5983606557377048 0.2345679012345679 0.5327868852459016 0.2345679012345679 0.5081967213114754 0.21604938271604937 0.4836065573770491 0.21604938271604937 0.47540983606557374 0.19753086419753085 0.4672131147540983 0.1728395061728395 0.4426229508196721 0.14814814814814814 0.4426229508196721 0.11728395061728394 0.4590163934426229 0.09876543209876543 0.4836065573770491 0.08641975308641975 0.5163934426229508 0.08641975308641975 0.5819672131147541
2 0 0.4918032786885245 0.06172839506172839 0.5163934426229508 0.07407407407407407 0.5081967213114754 0.08024691358024691 0.4918032786885245 0.11728395061728394 0.4426229508196721 0.11728395061728394 0.43442622950819665 0.12962962962962962 0.42622950819672123 0.12345679012345678 0.4016393442622951 0.12962962962962962 0.38524590163934425 0.11111111111111112 0.360655737704918 0.10493827160493827 0.360655737704918 0.06790123456790123 0.3114754098360656 0.06172839506172839 0.29508196721311475 0.018518518518518517 0.29508196721311475 0 0.31967213114754095 0 0.4918032786885245
2 0.3765432098765432 0.5327868852459016 0.3765432098765432 0.5655737704918032 0.4012345679012346 0.6311475409836065 0.4382716049382716 0.6311475409836065 0.4691358024691358 0.6147540983606558 0.48765432098765427 0.5655737704918032 0.48765432098765427 0.5081967213114754 0.4814814814814815 0.5 0.4814814814814815 0.47540983606557374 0.4691358024691358 0.4672131147540983 0.4444444444444445 0.4672131147540983 0.4382716049382716 0.4590163934426229 0.4259259259259259 0.4590163934426229 0.4135802469135802 0.47540983606557374 0.4135802469135802 0.4836065573770491 0.3765432098765432 0.5327868852459016
2 0.5 0.6557377049180327 0.5123456790123456 0.6639344262295082 0.5617283950617284 0.6639344262295082 0.5802469135802469 0.6475409836065573 0.5802469135802469 0.6065573770491802 0.5679012345679012 0.5983606557377048 0.5493827160493827 0.5983606557377048 0.5 0.5573770491803278 0.5 0.5655737704918032 0.48765432098765427 0.5819672131147541 0.4814814814814815 0.6147540983606558 0.5 0.6557377049180327
2 0.5925925925925926 0.6475409836065573 0.5987654320987654 0.6639344262295082 0.6419753086419753 0.7131147540983606 0.654320987654321 0.7131147540983606 0.6975308641975309 0.6885245901639344 0.7160493827160493 0.6639344262295082 0.7345679012345678 0.6147540983606558 0.728395061728395 0.5655737704918032 0.7037037037037036 0.5327868852459016 0.6790123456790124 0.5163934426229508 0.6666666666666666 0.5163934426229508 0.6234567901234567 0.5819672131147541 0.5987654320987654 0.5983606557377048 0.5925925925925926 0.6147540983606558 0.5925925925925926 0.6475409836065573
2 0.38271604938271603 0.6721311475409836 0.38271604938271603 0.6967213114754098 0.3950617283950617 0.7131147540983606 0.4012345679012346 0.7131147540983606 0.4259259259259259 0.7540983606557377 0.4444444444444445 0.7540983606557377 0.48765432098765427 0.721311475409836 0.48765432098765427 0.6557377049180327 0.47530864197530864 0.6393442622950819 0.45061728395061723 0.6311475409836065 0.4444444444444445 0.6393442622950819 0.40740740740740733 0.6393442622950819 0.3950617283950617 0.6475409836065573 0.3950617283950617 0.6557377049180327 0.38271604938271603 0.6721311475409836
2 0.888888888888889 0.28688524590163933 0.919753086419753 0.31967213114754095 0.9320987654320987 0.35245901639344257 0.95679012345679 0.360655737704918 0.993827160493827 0.3114754098360656 0.993827160493827 0.22950819672131145 0.9814814814814815 0.21311475409836061 0.95679012345679 0.19672131147540983 0.9444444444444444 0.19672131147540983 0.9382716049382716 0.20491803278688522 0.9135802469135802 0.20491803278688522 0.8950617283950617 0.22950819672131145 0.888888888888889 0.24590163934426226 0.888888888888889 0.28688524590163933
2 0.7901234567901234 0.39344262295081966 0.8148148148148147 0.43442622950819665 0.8148148148148147 0.4426229508196721 0.8271604938271604 0.45081967213114754 0.8765432098765432 0.45081967213114754 0.9074074074074074 0.42622950819672123 0.9259259259259259 0.3688524590163934 0.9074074074074074 0.31967213114754095 0.882716049382716 0.3032786885245901 0.8395061728395061 0.3032786885245901 0.8333333333333333 0.3114754098360656 0.8086419753086419 0.3114754098360656 0.7901234567901234 0.3360655737704918 0.7901234567901234 0.39344262295081966
2 0.7345679012345678 0.1885245901639344 0.7407407407407407 0.20491803278688522 0.7716049382716049 0.24590163934426226 0.7839506172839505 0.2540983606557377 0.8148148148148147 0.2540983606557377 0.8395061728395061 0.23770491803278687 0.8580246913580247 0.21311475409836061 0.8580246913580247 0.1557377049180328 0.8086419753086419 0.09836065573770492 0.7962962962962963 0.0901639344262295 0.7716049382716049 0.0901639344262295 0.7592592592592593 0.09836065573770492 0.7345679012345678 0.13114754098360654 0.728395061728395 0.1557377049180328 0.7345679012345678 0.1885245901639344
2 0.6419753086419753 0.21311475409836061 0.654320987654321 0.3032786885245901 0.6728395061728395 0.31967213114754095 0.691358024691358 0.31967213114754095 0.728395061728395 0.28688524590163933 0.7345679012345678 0.2622950819672131 0.7345679012345678 0.21311475409836061 0.7160493827160493 0.180327868852459 0.7160493827160493 0.1721311475409836 0.7037037037037036 0.16393442622950818 0.691358024691358 0.16393442622950818 0.6851851851851851 0.1721311475409836 0.6604938271604939 0.1721311475409836 0.6419753086419753 0.180327868852459 0.6419753086419753 0.21311475409836061
2 0.8765432098765432 0.9344262295081966 0.888888888888889 0.9672131147540982 0.9135802469135802 0.9918032786885245 0.993827160493827 0.9918032786885245 0.993827160493827 0.8442622950819672 0.9814814814814815 0.8360655737704917 0.9814814814814815 0.8278688524590164 0.95679012345679 0.8114754098360655 0.9320987654320987 0.8114754098360655 0.9259259259259259 0.8032786885245902 0.9135802469135802 0.8114754098360655 0.8765432098765432 0.860655737704918 0.8765432098765432 0.9344262295081966
2 0.654320987654321 0.8934426229508196 0.6790123456790124 0.9426229508196722 0.7037037037037036 0.9590163934426229 0.728395061728395 0.9590163934426229 0.7592592592592593 0.9262295081967211 0.7654320987654321 0.9098360655737704 0.7654320987654321 0.8852459016393442 0.7530864197530864 0.8442622950819672 0.7407407407407407 0.8278688524590164 0.7160493827160493 0.8114754098360655 0.691358024691358 0.8114754098360655 0.6604938271604939 0.8442622950819672 0.654320987654321 0.860655737704918 0.654320987654321 0.8934426229508196
2 0.5 0.9590163934426229 0.5123456790123456 0.9918032786885245 0.6172839506172839 0.9918032786885245 0.6234567901234567 0.9754098360655737 0.6234567901234567 0.9016393442622951 0.611111111111111 0.8770491803278688 0.5925925925925926 0.8770491803278688 0.5617283950617284 0.8524590163934425 0.5493827160493827 0.860655737704918 0.5493827160493827 0.8688524590163933 0.5246913580246912 0.9016393442622951 0.5061728395061728 0.9098360655737704 0.5 0.9180327868852458 0.5 0.9590163934426229
2 0 0.14754098360655737 0.024691358024691357 0.14754098360655737 0.06172839506172839 0.10655737704918031 0.06172839506172839 0.0901639344262295 0.05555555555555556 0.08196721311475409 0.05555555555555556 0.05737704918032786 0.06172839506172839 0.040983606557377046 0.043209876543209874 0 0 0 0 0.14754098360655737