1 0 0.3578125 0.0109375 0.3578125 0.0125 0.365625 0.0234375 0.365625 0.025 0.3734375 0.034375 0.3734375 0.034375 0.3953125 0.046875 0.396875 0.046875 0.4171875 0.0484375 0.41875 0.059375 0.41875 0.059375 0.45625 0.0703125 0.4578125 0.0703125 0.471875 0.0609375 0.471875 0.059375 0.4796875 0.0359375 0.4796875 0.034375 0.4875 0.0234375 0.4890625 0.0234375 0.4953125 0 0.4953125 0 0.359375
1 0.13125 0.5046875 0.165625 0.5046875 0.165625 0.5421875 0.178125 0.54375 0.178125 0.5578125 0.1890625 0.559375 0.1890625 0.5890625 0.1796875 0.5890625 0.178125 0.596875 0.1671875 0.596875 0.165625 0.603125 0.15625 0.603125 0.1546875 0.6109375 0.1203125 0.6109375 0.11875 0.61875 0.0953125 0.61875 0.09375 0.6265625 0.0609375 0.6265625 0.059375 0.634375 0.025 0.634375 0.0234375 0.6265625 0 0.6265625 0 0.6125 0.0125 0.6109375 0.0109375 0.603125 0 0.603125 0 0.5828125 0.0125 0.58125 0.0125 0.5671875 0.0234375 0.5671875 0.025 0.559375 0.0359375 0.5578125 0.0359375 0.5515625 0.059375 0.5515625 0.0609375 0.54375 0.0703125 0.54375 0.071875 0.5359375 0.0828125 0.5359375 0.084375 0.528125 0.0953125 0.5265625 0.0953125 0.5203125 0.11875 0.5203125 0.1203125 0.5125 0.1296875 0.5125 0.13125 0.50625
1 0.203125 0.5828125 0.2609375 0.5828125 0.2625 0.590625 0.284375 0.590625 0.284375 0.596875 0.275 0.596875 0.2734375 0.603125 0.2625 0.603125 0.2609375 0.6109375 0.25 0.6109375 0.2484375 0.61875 0.2375 0.6203125 0.2375 0.6265625 0.2265625 0.6265625 0.225 0.634375 0.215625 0.634375 0.2140625 0.65 0.203125 0.65 0.2015625 0.6578125 0.1796875 0.6578125 0.178125 0.665625 0.15625 0.665625 0.1546875 0.6734375 0.13125 0.6734375 0.1296875 0.675 0.13125 0.6828125 0.1421875 0.6828125 0.1421875 0.6890625 0.1296875 0.690625 0.1296875 0.7046875 0.1421875 0.70625 0.1421875 0.7125 0.1296875 0.7140625 0.1296875 0.7359375 0.11875 0.7375 0.11875 0.7671875 0.084375 0.7671875 0.0828125 0.775 0.0484375 0.775 0.046875 0.7671875 0 0.7671875 0 0.690625 0.0125 0.6890625 0.0125 0.6671875 0.034375 0.6671875 0.0359375 0.6515625 0.046875 0.6515625 0.0484375 0.64375 0.059375 0.64375 0.0609375 0.6359375 0.0828125 0.6359375 0.084375 0.628125 0.0953125 0.6265625 0.0953125 0.6203125 0.11875 0.6203125 0.1203125 0.6125 0.13125 0.6109375 0.13125 0.6046875 0.1546875 0.6046875 0.15625 0.5984375 0.1890625 0.5984375 0.190625 0.590625 0.2015625 0.590625 0.203125 0.584375
1 0 0.109375 0.0109375 0.109375 0.0125 0.1171875 0.0234375 0.1171875 0.025 0.1328125 0.034375 0.1328125 0.0359375 0.140625 0.046875 0.140625 0.0484375 0.1484375 0.059375 0.1484375 0.059375 0.1625 0.0703125 0.1640625 0.0703125 0.1859375 0.0828125 0.1875 0.0828125 0.2 0.09375 0.2015625 0.09375 0.2234375 0.10625 0.225 0.10625 0.23125 0.0953125 0.23125 0.09375 0.2390625 0.0828125 0.240625 0.0828125 0.2546875 0.0609375 0.2546875 0.059375 0.2703125 0.0359375 0.2703125 0.034375 0.278125 0 0.278125 0 0.1109375
1 0.203125 0 0.296875 0 0.2984375 0.015625 0.309375 0.015625 0.3109375 0.0078125 0.321875 0.00625 0.321875 0 0.36875 0 0.3703125 0.0078125 0.4046875 0.0078125 0.40625 0 0.4875 0 0.4890625 0.0078125 0.4984375 0.0078125 0.5 0 0.7484375 0 0.75 0.0078125 0.7609375 0.0078125 0.7625 0 0.796875 0 0.7984375 0.0078125 0.809375 0.0078125 0.8109375 0 0.9390625 0 0.940625 0.0078125 0.9515625 0.0078125 0.953125 0 0.9984375 0 0.9984375 0.053125 0.9875 0.0546875 0.9890625 0.0625 0.9984375 0.0625 0.9984375 0.0921875 0.953125 0.0921875 0.9515625 0.1 0.940625 0.1 0.9390625 0.1078125 0.9296875 0.1078125 0.928125 0.115625 0.9171875 0.115625 0.915625 0.1234375 0.89375 0.1234375 0.8921875 0.13125 0.88125 0.13125 0.8796875 0.1390625 0.86875 0.140625 0.86875 0.146875 0.821875 0.146875 0.8203125 0.1625 0.7265625 0.1625 0.725 0.1703125 0.703125 0.1703125 0.7015625 0.178125 0.690625 0.178125 0.6890625 0.1859375 0.678125 0.1875 0.678125 0.19375 0.6671875 0.19375 0.665625 0.2 0.65625 0.2 0.6546875 0.2078125 0.6203125 0.2078125 0.61875 0.2234375 0.6078125 0.2234375 0.60625 0.215625 0.5609375 0.215625 0.559375 0.2078125 0.5359375 0.2078125 0.534375 0.2 0.5 0.2 0.5 0.15625 0.4890625 0.1546875 0.4875 0.146875 0.40625 0.146875 0.4046875 0.1390625 0.38125 0.1390625 0.3796875 0.13125 0.3578125 0.13125 0.35625 0.1234375 0.334375 0.1234375 0.3328125 0.115625 0.3109375 0.115625 0.309375 0.1078125 0.2859375 0.1078125 0.2859375 0.1015625 0.275 0.1 0.2734375 0.0921875 0.25 0.0921875 0.2484375 0.084375 0.2265625 0.084375 0.225 0.0765625 0.203125 0.0765625 0.2015625 0.06875 0.1796875 0.06875 0.178125 0.0609375 0.1671875 0.0609375 0.1671875 0.0234375 0.1796875 0.021875 0.1796875 0.0078125 0.2015625 0.0078125 0.203125 0.0015625
1 0.953125 0.09375 0.9984375 0.09375 0.9984375 0.2078125 0.965625 0.2078125 0.9640625 0.2 0.940625 0.2 0.9390625 0.19375 0.89375 0.19375 0.8921875 0.1859375 0.8453125 0.1859375 0.84375 0.178125 0.821875 0.178125 0.8203125 0.1703125 0.7984375 0.1703125 0.7984375 0.1640625 0.8203125 0.1640625 0.821875 0.1484375 0.86875 0.1484375 0.8703125 0.140625 0.88125 0.1390625 0.88125 0.1328125 0.8921875 0.1328125 0.89375 0.125 0.915625 0.125 0.9171875 0.1171875 0.928125 0.1171875 0.9296875 0.109375 0.9390625 0.109375 0.940625 0.1015625 0.9515625 0.1015625 0.953125 0.0953125
1 0.334375 0.140625 0.36875 0.140625 0.3703125 0.1484375 0.4046875 0.1484375 0.40625 0.15625 0.4515625 0.15625 0.453125 0.1640625 0.4640625 0.1640625 0.465625 0.171875 0.475 0.171875 0.475 0.1859375 0.4640625 0.1875 0.4640625 0.2078125 0.4515625 0.209375 0.4515625 0.2546875 0.4640625 0.25625 0.465625 0.2640625 0.475 0.2640625 0.4765625 0.271875 0.4875 0.271875 0.4890625 0.2796875 0.5234375 0.2796875 0.525 0.2875 0.59375 0.2875 0.5953125 0.2796875 0.60625 0.2796875 0.6078125 0.271875 0.6203125 0.2703125 0.6203125 0.25625 0.63125 0.2546875 0.63125 0.225 0.6203125 0.2234375 0.6203125 0.2171875 0.6421875 0.2171875 0.64375 0.209375 0.65625 0.2078125 0.65625 0.2015625 0.678125 0.2015625 0.6796875 0.1953125 0.690625 0.19375 0.690625 0.1875 0.7140625 0.1875 0.715625 0.1796875 0.8203125 0.1796875 0.821875 0.1875 0.86875 0.1875 0.8703125 0.1953125 0.9046875 0.1953125 0.90625 0.2015625 0.9515625 0.2015625 0.953125 0.209375 0.975 0.209375 0.9765625 0.2171875 0.9984375 0.2171875 0.9984375 0.3484375 0.775 0.3484375 0.7734375 0.340625 0.715625 0.340625 0.7140625 0.3484375 0.703125 0.3484375 0.7015625 0.340625 0.6671875 0.340625 0.665625 0.3484375 0.5953125 0.3484375 0.59375 0.35625 0.584375 0.35625 0.5828125 0.3484375 0.5359375 0.3484375 0.534375 0.35625 0.4296875 0.35625 0.428125 0.3484375 0.38125 0.3484375 0.3796875 0.340625 0.3578125 0.340625 0.35625 0.3328125 0.2984375 0.3328125 0.296875 0.325 0.2625 0.325 0.2609375 0.3171875 0.1796875 0.3171875 0.178125 0.325 0.084375 0.325 0.0828125 0.3171875 0.071875 0.3171875 0.071875 0.303125 0.0609375 0.3015625 0.0609375 0.271875 0.071875 0.2703125 0.071875 0.25625 0.0828125 0.25625 0.084375 0.2484375 0.1296875 0.2484375 0.13125 0.240625 0.1203125 0.2390625 0.1203125 0.2328125 0.1296875 0.2328125 0.13125 0.225 0.1421875 0.225 0.14375 0.2171875 0.1546875 0.2171875 0.15625 0.209375 0.1671875 0.2078125 0.1671875 0.2015625 0.178125 0.2015625 0.1796875 0.1953125 0.2140625 0.1953125 0.215625 0.1875 0.2375 0.1875 0.2390625 0.1796875 0.25 0.178125 0.25 0.171875 0.2734375 0.171875 0.275 0.1640625 0.296875 0.1640625 0.2984375 0.15625 0.3109375 0.1546875 0.3109375 0.1484375 0.3328125 0.1484375 0.334375 0.1421875
1 0.6078125 0.528125 0.6546875 0.528125 0.65625 0.5359375 0.678125 0.5359375 0.6796875 0.54375 0.6890625 0.54375 0.690625 0.5359375 0.7015625 0.5359375 0.703125 0.54375 0.725 0.54375 0.7265625 0.5359375 0.7375 0.5359375 0.7390625 0.54375 0.796875 0.54375 0.7984375 0.5515625 0.9875 0.5515625 0.9890625 0.559375 0.9984375 0.559375 0.9984375 0.7515625 0.8109375 0.7515625 0.809375 0.74375 0.7984375 0.74375 0.796875 0.7515625 0.7859375 0.7515625 0.784375 0.74375 0.7390625 0.74375 0.7375 0.7515625 0.7265625 0.7515625 0.725 0.74375 0.715625 0.74375 0.7140625 0.7515625 0.5609375 0.7515625 0.559375 0.74375 0.4765625 0.74375 0.475 0.7515625 0.39375 0.7515625 0.3921875 0.74375 0.38125 0.74375 0.3796875 0.7515625 0.3578125 0.7515625 0.35625 0.74375 0.3453125 0.74375 0.34375 0.7515625 0.334375 0.7515625 0.3328125 0.74375 0.2984375 0.74375 0.296875 0.7515625 0.2390625 0.7515625 0.2375 0.759375 0.190625 0.759375 0.1890625 0.7671875 0.1078125 0.7671875 0.10625 0.759375 0.0953125 0.759375 0.09375 0.7671875 0.025 0.7671875 0.0234375 0.759375 0.0125 0.759375 0.0125 0.753125 0.0234375 0.753125 0.025 0.7453125 0.0125 0.74375 0.0109375 0.7359375 0 0.7359375 0 0.70625 0.0109375 0.70625 0.0125 0.6984375 0.046875 0.6984375 0.0484375 0.696875 0.046875 0.6890625 0.0125 0.6890625 0.0125 0.6828125 0.025 0.68125 0.025 0.659375 0.046875 0.659375 0.0484375 0.6671875 0.0703125 0.6671875 0.071875 0.6515625 0.0828125 0.6515625 0.084375 0.659375 0.09375 0.659375 0.0953125 0.6515625 0.11875 0.6515625 0.1203125 0.65 0.11875 0.6421875 0.0953125 0.6421875 0.0953125 0.6359375 0.10625 0.6359375 0.1078125 0.628125 0.1203125 0.6265625 0.1203125 0.6203125 0.1296875 0.6203125 0.1296875 0.634375 0.1203125 0.634375 0.11875 0.6359375 0.1203125 0.64375 0.165625 0.64375 0.1671875 0.6359375 0.2140625 0.6359375 0.215625 0.628125 0.225 0.628125 0.2265625 0.6203125 0.2375 0.6203125 0.2390625 0.6125 0.25 0.6109375 0.25 0.6046875 0.2609375 0.6046875 0.2625 0.5984375 0.284375 0.5984375 0.2859375 0.590625 0.296875 0.590625 0.2984375 0.5828125 0.3203125 0.5828125 0.321875 0.575 0.35625 0.575 0.3578125 0.5671875 0.3796875 0.5671875 0.38125 0.559375 0.428125 0.559375 0.4296875 0.5515625 0.475 0.5515625 0.4765625 0.54375 0.5234375 0.54375 0.525 0.5359375 0.60625 0.5359375 0.6078125 0.5296875
1 0 0 0.0703125 0 0.0703125 0.0140625 0.0828125 0.015625 0.0828125 0.0375 0.09375 0.0390625 0.09375 0.06875 0.10625 0.0703125 0.10625 0.1 0.0953125 0.1 0.09375 0.1078125 0.0828125 0.109375 0.0828125 0.115625 0.0484375 0.115625 0.0484375 0.109375 0.0359375 0.1078125 0.034375 0.1 0.0125 0.1 0.0109375 0.0921875 0 0.0921875 0 0.0015625
1 0.775 0.3578125 0.9875 0.3578125 0.9875 0.371875 0.9984375 0.3734375 0.9984375 0.5265625 0.953125 0.5265625 0.9515625 0.528125 0.953125 0.5359375 0.9875 0.5359375 0.9875 0.5421875 0.9765625 0.5421875 0.975 0.55 0.940625 0.55 0.9390625 0.5421875 0.9296875 0.5421875 0.928125 0.55 0.9171875 0.55 0.915625 0.5421875 0.90625 0.5421875 0.9046875 0.55 0.8578125 0.55 0.85625 0.5421875 0.821875 0.5421875 0.8203125 0.55 0.8109375 0.55 0.809375 0.534375 0.7984375 0.534375 0.796875 0.5421875 0.775 0.5421875 0.7734375 0.534375 0.6796875 0.534375 0.6796875 0.5203125 0.7015625 0.5203125 0.703125 0.528125 0.7375 0.528125 0.7390625 0.5203125 0.7265625 0.51875 0.725 0.5109375 0.64375 0.5109375 0.6421875 0.51875 0.571875 0.51875 0.5703125 0.5265625 0.5125 0.5265625 0.5109375 0.534375 0.465625 0.534375 0.4640625 0.5421875 0.4296875 0.5421875 0.428125 0.55 0.3703125 0.55 0.36875 0.5578125 0.2390625 0.5578125 0.2375 0.565625 0.203125 0.565625 0.2015625 0.5734375 0.1890625 0.575 0.1890625 0.5890625 0.1796875 0.5890625 0.178125 0.596875 0.1671875 0.596875 0.165625 0.603125 0.14375 0.603125 0.1421875 0.6109375 0.1203125 0.6109375 0.11875 0.61875 0.084375 0.61875 0.0828125 0.6265625 0.025 0.6265625 0.025 0.6125 0.0125 0.6109375 0.0125 0.590625 0 0.5890625 0 0.5828125 0.0109375 0.5828125 0.0125 0.575 0.0234375 0.575 0.025 0.5671875 0.034375 0.5671875 0.0359375 0.559375 0.046875 0.559375 0.0484375 0.5515625 0.059375 0.5515625 0.0609375 0.54375 0.0703125 0.54375 0.071875 0.5359375 0.0828125 0.5359375 0.084375 0.528125 0.10625 0.528125 0.1078125 0.5203125 0.11875 0.5203125 0.1203125 0.5125 0.13125 0.5109375 0.13125 0.5046875 0.1546875 0.5046875 0.15625 0.496875 0.165625 0.496875 0.1671875 0.4890625 0.178125 0.4890625 0.1796875 0.48125 0.2015625 0.48125 0.203125 0.4734375 0.225 0.4734375 0.2265625 0.465625 0.2390625 0.4640625 0.2390625 0.4578125 0.2734375 0.4578125 0.275 0.45 0.2859375 0.4484375 0.2859375 0.4421875 0.309375 0.4421875 0.3109375 0.434375 0.34375 0.434375 0.3453125 0.4265625 0.3578125 0.425 0.3578125 0.41875 0.3796875 0.41875 0.38125 0.4109375 0.4046875 0.4109375 0.40625 0.403125 0.428125 0.403125 0.4296875 0.396875 0.440625 0.3953125 0.440625 0.3890625 0.475 0.3890625 0.4765625 0.38125 0.5234375 0.38125 0.525 0.3734375 0.5828125 0.3734375 0.584375 0.365625 0.678125 0.365625 0.6796875 0.3734375 0.725 0.3734375 0.7265625 0.365625 0.7734375 0.365625 0.775 0.359375
1 0.65625 0.7609375 0.7015625 0.7609375 0.703125 0.76875 0.725 0.76875 0.7265625 0.7609375 0.7375 0.7609375 0.7390625 0.76875 0.86875 0.76875 0.8703125 0.7609375 0.8796875 0.7609375 0.88125 0.76875 0.975 0.76875 0.9765625 0.7765625 0.9984375 0.7765625 0.9984375 0.984375 0.9765625 0.984375 0.975 0.9921875 0.965625 0.9921875 0.9640625 0.984375 0.9171875 0.984375 0.915625 0.9765625 0.89375 0.9765625 0.8921875 0.984375 0.8703125 0.984375 0.86875 0.9765625 0.715625 0.9765625 0.7140625 0.96875 0.584375 0.96875 0.5828125 0.9609375 0.5484375 0.9609375 0.546875 0.96875 0.5 0.96875 0.4984375 0.9609375 0.4890625 0.9609375 0.4875 0.96875 0.453125 0.96875 0.4515625 0.9609375 0.40625 0.9609375 0.4046875 0.96875 0.38125 0.96875 0.3796875 0.9609375 0.3578125 0.9609375 0.35625 0.96875 0.321875 0.96875 0.3203125 0.9609375 0.2984375 0.9609375 0.296875 0.96875 0.2859375 0.96875 0.284375 0.9609375 0.0953125 0.9609375 0.09375 0.953125 0.084375 0.953125 0.0828125 0.9609375 0.0609375 0.9609375 0.059375 0.96875 0.0484375 0.96875 0.046875 0.9609375 0.025 0.9609375 0.0234375 0.953125 0 0.953125 0 0.7921875 0.0234375 0.7921875 0.025 0.784375 0.09375 0.784375 0.0953125 0.7765625 0.2484375 0.7765625 0.25 0.76875 0.2734375 0.76875 0.275 0.7765625 0.296875 0.7765625 0.2984375 0.76875 0.3328125 0.76875 0.334375 0.7765625 0.34375 0.7765625 0.3453125 0.76875 0.6546875 0.76875 0.65625 0.7625
1 0.7625 0.3578125 0.9875 0.3578125 0.9890625 0.365625 0.9984375 0.365625 0.9984375 0.5265625 0.8703125 0.5265625 0.86875 0.51875 0.7265625 0.51875 0.725 0.5109375 0.63125 0.5109375 0.6296875 0.51875 0.5609375 0.51875 0.559375 0.5265625 0.5125 0.5265625 0.5109375 0.534375 0.465625 0.534375 0.4640625 0.5421875 0.4171875 0.5421875 0.415625 0.55 0.3453125 0.55 0.34375 0.5578125 0.2390625 0.5578125 0.2375 0.565625 0.190625 0.565625 0.1890625 0.5578125 0.1796875 0.5578125 0.1796875 0.54375 0.1671875 0.5421875 0.1671875 0.496875 0.178125 0.496875 0.1796875 0.4890625 0.1890625 0.4890625 0.190625 0.48125 0.2015625 0.48125 0.203125 0.4734375 0.225 0.4734375 0.2265625 0.465625 0.2390625 0.4640625 0.2390625 0.4578125 0.2734375 0.4578125 0.275 0.45 0.2859375 0.4484375 0.2859375 0.4421875 0.309375 0.4421875 0.3109375 0.434375 0.34375 0.434375 0.3453125 0.4265625 0.3578125 0.425 0.3578125 0.41875 0.3796875 0.41875 0.38125 0.4109375 0.4046875 0.4109375 0.40625 0.403125 0.428125 0.403125 0.4296875 0.396875 0.440625 0.3953125 0.440625 0.3890625 0.475 0.3890625 0.4765625 0.38125 0.5109375 0.38125 0.5125 0.3734375 0.559375 0.3734375 0.5609375 0.365625 0.678125 0.365625 0.6796875 0.3734375 0.725 0.3734375 0.7265625 0.365625 0.7609375 0.365625 0.7625 0.359375