0 0.0765625 0.2 0.0734375 0.0921875
0 0.26015625 0.15625 0.078125 0.0984375
0 0.1609375 0.0796875 0.0625 0.0625
0 0.4078125 0.0625 0.0765625 0.0890625
0 0.56328125 0.06875 0.10625 0.0859375
0 0.41796875 0.2125 0.1171875 0.1
0 0.6578125 0.16796875 0.115625 0.11875
0 0.78515625 0.1375 0.1109375 0.1078125
0 0.203125 0.3234375 0.084375 0.1078125
0 0.0375 0.3765625 0.071875 0.0625
0 0.04453125 0.49375 0.0890625 0.103125
0 0.36171875 0.39921875 0.134375 0.10625
0 0.5828125 0.3546875 0.13125 0.096875
0 0.79609375 0.29375 0.0828125 0.1046875
0 0.93515625 0.22890625 0.0671875 0.1203125
0 0.2578125 0.571875 0.0921875 0.1078125
0 0.1 0.69921875 0.1046875 0.1296875
0 0.3296875 0.77734375 0.1453125 0.13125
0 0.1125 0.9578125 0.075 0.084375
0 0.65390625 0.89296875 0.140625 0.109375
0 0.58671875 0.69453125 0.10625 0.11875
0 0.58515625 0.4453125 0.09375 0.0875
0 0.80703125 0.49375 0.103125 0.09375
0 0.87890625 0.70078125 0.1546875 0.14375
0 0.9796875 0.53671875 0.040625 0.1015625