0 0.13515625 0.13125 0.059375 0.08359375
0 0.3234375 0.11953125 0.06328125 0.08828125
0 0.2390625 0.02734375 0.05390625 0.05390625
0 0.48515625 0.053125 0.06328125 0.07890625
0 0.6375 0.08671875 0.0953125 0.07109375
0 0.46953125 0.20234375 0.10390625 0.0828125
0 0.71328125 0.20078125 0.0984375 0.103125
0 0.84375 0.1921875 0.096875 0.0921875
0 0.23828125 0.27421875 0.06796875 0.096875
0 0.065625 0.2984375 0.0640625 0.0515625
0 0.0515625 0.415625 0.078125 0.090625
0 0.38125 0.3765625 0.12109375 0.0859375
0 0.60703125 0.37109375 0.11875 0.078125
0 0.82734375 0.3484375 0.0671875 0.09453125
0 0.97578125 0.30859375 0.0484375 0.1140625
0 0.24921875 0.52890625 0.0765625 0.0953125
0 0.071875 0.6265625 0.0859375 0.11640625
0 0.284375 0.74375 0.128125 0.11015625
0 0.0375 0.89453125 0.059375 0.096875
0 0.58359375 0.9140625 0.12734375 0.08828125
0 0.5515625 0.70625 0.0890625 0.1046875
0 0.59296875 0.4609375 0.08203125 0.075
0 0.803125 0.546875 0.090625 0.0796875
0 0.83828125 0.76328125 0.13515625 0.12265625
0 0.9765625 0.62109375 0.046875 0.0953125