0 0.81015625 0.084375 0.0703125 0.090625
0 0.621875 0.0984375 0.075 0.096875
0 0.69296875 0.0125 0.0609375 0.025
0 0.45234375 0.05546875 0.0734375 0.0875
0 0.30625 0.11015625 0.1046875 0.084375
0 0.4890625 0.20078125 0.1140625 0.096875
0 0.246875 0.23359375 0.1125 0.115625
0 0.11640625 0.24296875 0.109375 0.1046875
0 0.728125 0.23984375 0.08125 0.1046875
0 0.90234375 0.23984375 0.0703125 0.059375
0 0.93203125 0.35390625 0.090625 0.1
0 0.60078125 0.3609375 0.13125 0.1015625
0 0.37578125 0.3875 0.128125 0.09375
0 0.1546875 0.3953125 0.0796875 0.103125
0 0.0171875 0.37578125 0.034375 0.1203125
0 0.75234375 0.49375 0.0890625 0.1046875
0 0.94140625 0.565625 0.1015625 0.1265625
0 0.74765625 0.71171875 0.1421875 0.1265625
0 0.98828125 0.82578125 0.0234375 0.1046875
0 0.475 0.921875 0.1390625 0.1046875
0 0.47734375 0.71171875 0.103125 0.115625
0 0.40234375 0.47421875 0.0921875 0.0859375
0 0.20625 0.58828125 0.1015625 0.0921875
0 0.2015625 0.8078125 0.1515625 0.140625
0 0.0453125 0.6859375 0.059375 0.1015625