1 0.55 0.265625 0.565625 0.265625 0.5671875 0.271875 0.575 0.271875 0.575 0.30625 0.5828125 0.3078125 0.584375 0.315625 0.5921875 0.315625 0.59375 0.321875 0.6015625 0.321875 0.603125 0.3296875 0.61875 0.3296875 0.6203125 0.3359375 0.6359375 0.3359375 0.6375 0.34375 0.6453125 0.34375 0.6453125 0.3484375 0.6359375 0.35 0.6359375 0.35625 0.603125 0.35625 0.6015625 0.3484375 0.584375 0.3484375 0.5828125 0.3421875 0.5671875 0.3421875 0.565625 0.334375 0.5578125 0.334375 0.55625 0.328125 0.55 0.328125 0.55 0.3078125 0.540625 0.30625 0.540625 0.271875 0.5484375 0.271875 0.55 0.2671875
1 0.7 0.0578125 0.725 0.0578125 0.7265625 0.065625 0.734375 0.065625 0.7359375 0.071875 0.7421875 0.071875 0.7421875 0.0921875 0.734375 0.09375 0.734375 0.10625 0.7171875 0.10625 0.715625 0.1140625 0.7 0.1140625 0.6984375 0.1203125 0.6640625 0.1203125 0.6625 0.1140625 0.65625 0.1140625 0.6546875 0.10625 0.646875 0.10625 0.6453125 0.1140625 0.6375 0.1140625 0.6375 0.1078125 0.6296875 0.10625 0.628125 0.1140625 0.603125 0.1140625 0.6015625 0.1203125 0.584375 0.1203125 0.5828125 0.1140625 0.5765625 0.1140625 0.5765625 0.1 0.5671875 0.0984375 0.5671875 0.0796875 0.61875 0.0796875 0.6203125 0.0859375 0.6546875 0.0859375 0.65625 0.0796875 0.671875 0.0796875 0.6734375 0.071875 0.68125 0.071875 0.6828125 0.065625 0.6984375 0.065625 0.7 0.059375
1 0.7359375 0.19375 0.76875 0.19375 0.7703125 0.2 0.7875 0.2 0.7875 0.2203125 0.7796875 0.2203125 0.778125 0.228125 0.7703125 0.228125 0.76875 0.234375 0.7625 0.234375 0.7609375 0.2421875 0.74375 0.2421875 0.7421875 0.2484375 0.7265625 0.2484375 0.725 0.25625 0.709375 0.25625 0.7078125 0.2640625 0.6734375 0.2640625 0.671875 0.2703125 0.584375 0.2703125 0.5828125 0.2640625 0.5765625 0.2640625 0.575 0.25625 0.5671875 0.25625 0.5671875 0.25 0.5765625 0.2484375 0.5765625 0.2359375 0.5671875 0.234375 0.5671875 0.2296875 0.575 0.2296875 0.5765625 0.2359375 0.6015625 0.2359375 0.603125 0.2296875 0.6453125 0.2296875 0.646875 0.215625 0.6546875 0.215625 0.65625 0.221875 0.6625 0.221875 0.6640625 0.2296875 0.671875 0.2296875 0.6734375 0.215625 0.68125 0.215625 0.6828125 0.2078125 0.7078125 0.2078125 0.709375 0.2 0.734375 0.2 0.7359375 0.1953125
1 0.74375 0.4296875 0.8140625 0.4296875 0.815625 0.4359375 0.83125 0.4359375 0.8328125 0.44375 0.8484375 0.44375 0.85 0.45 0.8671875 0.45 0.86875 0.4578125 0.884375 0.4578125 0.8859375 0.465625 0.9015625 0.465625 0.903125 0.471875 0.9109375 0.471875 0.9125 0.4796875 0.9203125 0.4796875 0.9203125 0.4921875 0.928125 0.49375 0.928125 0.50625 0.9375 0.5078125 0.9375 0.5640625 0.928125 0.565625 0.928125 0.578125 0.9125 0.578125 0.9109375 0.5703125 0.8859375 0.5703125 0.884375 0.5640625 0.86875 0.5640625 0.86875 0.5578125 0.859375 0.55625 0.8578125 0.5484375 0.85 0.5484375 0.8484375 0.5421875 0.8328125 0.5421875 0.8328125 0.5359375 0.8234375 0.534375 0.821875 0.528125 0.815625 0.528125 0.8140625 0.5203125 0.80625 0.5203125 0.8046875 0.5140625 0.7890625 0.5140625 0.7875 0.50625 0.7625 0.50625 0.7609375 0.4984375 0.646875 0.4984375 0.646875 0.4796875 0.65625 0.478125 0.65625 0.465625 0.671875 0.465625 0.6734375 0.4578125 0.6828125 0.45625 0.6828125 0.45 0.6984375 0.45 0.7 0.44375 0.709375 0.4421875 0.709375 0.4359375 0.7421875 0.4359375 0.74375 0.43125
1 0.7359375 0.171875 0.7515625 0.171875 0.753125 0.1796875 0.76875 0.1796875 0.76875 0.1984375 0.7359375 0.1984375 0.734375 0.20625 0.7171875 0.20625 0.715625 0.2140625 0.7 0.2140625 0.6984375 0.2203125 0.6828125 0.2203125 0.68125 0.228125 0.646875 0.228125 0.6453125 0.234375 0.59375 0.234375 0.5921875 0.2421875 0.584375 0.2421875 0.5828125 0.234375 0.5765625 0.234375 0.575 0.228125 0.5671875 0.228125 0.5671875 0.215625 0.5578125 0.2140625 0.5578125 0.19375 0.5828125 0.19375 0.584375 0.2 0.671875 0.2 0.6734375 0.19375 0.6828125 0.1921875 0.6828125 0.1859375 0.7078125 0.1859375 0.709375 0.1796875 0.734375 0.1796875 0.7359375 0.1734375
1 0.3453125 0.4296875 0.4234375 0.4296875 0.425 0.4359375 0.4421875 0.4359375 0.44375 0.44375 0.459375 0.44375 0.4609375 0.45 0.4765625 0.45 0.478125 0.4578125 0.503125 0.4578125 0.5046875 0.465625 0.5125 0.465625 0.5140625 0.471875 0.521875 0.471875 0.5234375 0.4796875 0.5296875 0.4796875 0.5296875 0.4921875 0.5390625 0.49375 0.5390625 0.5421875 0.5046875 0.5421875 0.5046875 0.5296875 0.496875 0.528125 0.4953125 0.5203125 0.4875 0.5203125 0.4875 0.5078125 0.478125 0.50625 0.4765625 0.4984375 0.4609375 0.4984375 0.459375 0.4921875 0.4515625 0.4921875 0.45 0.484375 0.434375 0.484375 0.4328125 0.478125 0.4078125 0.478125 0.40625 0.4703125 0.3375 0.4703125 0.3359375 0.478125 0.3015625 0.478125 0.3 0.484375 0.284375 0.484375 0.2828125 0.4921875 0.265625 0.4921875 0.2640625 0.4984375 0.2390625 0.4984375 0.2390625 0.4796875 0.246875 0.4796875 0.2484375 0.471875 0.2640625 0.471875 0.265625 0.465625 0.2828125 0.465625 0.284375 0.4578125 0.3 0.4578125 0.3015625 0.45 0.3171875 0.45 0.31875 0.44375 0.328125 0.4421875 0.328125 0.4359375 0.34375 0.4359375 0.3453125 0.43125
1 0.1953125 0.7078125 0.25625 0.7078125 0.2578125 0.715625 0.2734375 0.715625 0.275 0.721875 0.2828125 0.721875 0.2828125 0.728125 0.290625 0.7296875 0.2921875 0.7359375 0.309375 0.7359375 0.3109375 0.74375 0.3171875 0.74375 0.31875 0.75 0.3265625 0.75 0.328125 0.7578125 0.3359375 0.7578125 0.3359375 0.7703125 0.34375 0.771875 0.34375 0.7921875 0.3375 0.7921875 0.3359375 0.7984375 0.3109375 0.7984375 0.309375 0.7921875 0.284375 0.7921875 0.2828125 0.784375 0.265625 0.784375 0.2640625 0.778125 0.221875 0.778125 0.2203125 0.7703125 0.2046875 0.7703125 0.203125 0.7640625 0.16875 0.7640625 0.1671875 0.75625 0.0890625 0.75625 0.0890625 0.75 0.096875 0.75 0.0984375 0.74375 0.1046875 0.74375 0.10625 0.7359375 0.1140625 0.7359375 0.115625 0.7296875 0.13125 0.7296875 0.1328125 0.721875 0.1671875 0.721875 0.16875 0.715625 0.19375 0.715625 0.1953125 0.709375
1 0.3546875 0.05 0.3625 0.05 0.3640625 0.0578125 0.3796875 0.0578125 0.38125 0.065625 0.4328125 0.065625 0.434375 0.071875 0.46875 0.071875 0.4703125 0.0796875 0.478125 0.078125 0.478125 0.065625 0.4859375 0.065625 0.4875 0.071875 0.4953125 0.071875 0.4953125 0.10625 0.503125 0.1078125 0.5046875 0.121875 0.5125 0.121875 0.5125 0.134375 0.521875 0.1359375 0.521875 0.15625 0.5140625 0.15625 0.5125 0.1640625 0.5046875 0.1640625 0.503125 0.1703125 0.496875 0.1703125 0.4953125 0.15625 0.4875 0.15625 0.4875 0.15 0.478125 0.1484375 0.4765625 0.1421875 0.4609375 0.1421875 0.4609375 0.1359375 0.4515625 0.134375 0.45 0.128125 0.4078125 0.128125 0.40625 0.1203125 0.371875 0.1203125 0.3703125 0.1140625 0.3546875 0.1140625 0.353125 0.10625 0.3453125 0.10625 0.3453125 0.071875 0.3375 0.0703125 0.3375 0.065625 0.3453125 0.0640625 0.3453125 0.0578125 0.3546875 0.05625 0.3546875 0.0515625
1 0.709375 0.571875 0.7515625 0.571875 0.753125 0.5796875 0.7875 0.5796875 0.7890625 0.5859375 0.8140625 0.5859375 0.815625 0.59375 0.8484375 0.59375 0.85 0.6 0.8578125 0.6 0.859375 0.6078125 0.875 0.6078125 0.8765625 0.615625 0.884375 0.615625 0.884375 0.6203125 0.89375 0.621875 0.89375 0.628125 0.9015625 0.6296875 0.903125 0.6359375 0.9109375 0.6359375 0.9125 0.64375 0.9203125 0.64375 0.9203125 0.65625 0.928125 0.6578125 0.928125 0.678125 0.9375 0.6796875 0.9375 0.6984375 0.928125 0.7 0.928125 0.7140625 0.9125 0.7140625 0.9109375 0.70625 0.8859375 0.70625 0.884375 0.6984375 0.86875 0.6984375 0.8671875 0.6921875 0.859375 0.6921875 0.8578125 0.684375 0.85 0.684375 0.8484375 0.678125 0.8328125 0.678125 0.8328125 0.671875 0.8234375 0.6703125 0.821875 0.6640625 0.80625 0.6640625 0.8046875 0.65625 0.7890625 0.65625 0.7890625 0.65 0.7796875 0.6484375 0.778125 0.6421875 0.74375 0.6421875 0.7421875 0.634375 0.646875 0.634375 0.6453125 0.6421875 0.6203125 0.6421875 0.61875 0.6484375 0.603125 0.6484375 0.6015625 0.65625 0.5921875 0.6578125 0.5921875 0.6640625 0.5671875 0.6640625 0.5671875 0.6578125 0.5578125 0.65625 0.5578125 0.65 0.565625 0.65 0.5671875 0.64375 0.575 0.64375 0.5765625 0.6359375 0.5921875 0.6359375 0.59375 0.6296875 0.6015625 0.6296875 0.603125 0.615625 0.6109375 0.6140625 0.6109375 0.6 0.61875 0.6 0.6203125 0.59375 0.628125 0.59375 0.6296875 0.5859375 0.6453125 0.5859375 0.646875 0.5796875 0.7078125 0.5796875 0.709375 0.5734375
1 0.328125 0.39375 0.4421875 0.39375 0.44375 0.4 0.459375 0.4 0.4609375 0.4078125 0.4765625 0.4078125 0.4765625 0.4203125 0.478125 0.421875 0.4953125 0.421875 0.4953125 0.434375 0.503125 0.4359375 0.503125 0.45625 0.478125 0.45625 0.4765625 0.4484375 0.4609375 0.4484375 0.459375 0.4421875 0.44375 0.4421875 0.4421875 0.434375 0.425 0.434375 0.4234375 0.428125 0.3546875 0.428125 0.353125 0.434375 0.328125 0.434375 0.3265625 0.4421875 0.31875 0.4421875 0.3171875 0.4484375 0.3015625 0.4484375 0.3 0.45625 0.290625 0.4578125 0.290625 0.4640625 0.265625 0.4640625 0.2640625 0.4703125 0.2578125 0.4703125 0.2578125 0.44375 0.265625 0.4421875 0.265625 0.4296875 0.275 0.428125 0.275 0.415625 0.2828125 0.415625 0.284375 0.4078125 0.3 0.4078125 0.3015625 0.4 0.3265625 0.4 0.328125 0.3953125
1 0.7 0.715625 0.8046875 0.715625 0.80625 0.721875 0.840625 0.721875 0.8421875 0.7296875 0.8578125 0.7296875 0.859375 0.7359375 0.8671875 0.7359375 0.86875 0.74375 0.884375 0.74375 0.8859375 0.75 0.89375 0.75 0.89375 0.75625 0.9015625 0.7578125 0.9015625 0.7703125 0.9109375 0.771875 0.9125 0.7796875 0.9203125 0.7796875 0.9203125 0.7984375 0.8859375 0.7984375 0.884375 0.7921875 0.8421875 0.7921875 0.840625 0.784375 0.815625 0.784375 0.8140625 0.778125 0.6734375 0.778125 0.671875 0.784375 0.6640625 0.784375 0.6625 0.7921875 0.6546875 0.79375 0.6546875 0.7984375 0.6375 0.7984375 0.6359375 0.80625 0.6203125 0.80625 0.61875 0.8140625 0.6109375 0.8140625 0.609375 0.8203125 0.5578125 0.8203125 0.5578125 0.8078125 0.55 0.80625 0.55 0.7859375 0.5578125 0.784375 0.5578125 0.771875 0.565625 0.771875 0.5671875 0.765625 0.575 0.765625 0.5765625 0.7578125 0.584375 0.75625 0.584375 0.75 0.6015625 0.75 0.603125 0.74375 0.61875 0.74375 0.6203125 0.7359375 0.628125 0.7359375 0.6296875 0.7296875 0.6453125 0.7296875 0.646875 0.721875 0.6984375 0.721875 0.7 0.7171875
1 0.5765625 0.1359375 0.5921875 0.1359375 0.5921875 0.15625 0.6015625 0.1578125 0.6015625 0.1703125 0.609375 0.171875 0.609375 0.178125 0.61875 0.1796875 0.6203125 0.1859375 0.628125 0.1859375 0.6296875 0.19375 0.6625 0.19375 0.6640625 0.1859375 0.671875 0.1859375 0.6734375 0.1796875 0.6890625 0.1796875 0.690625 0.171875 0.6984375 0.171875 0.7 0.1796875 0.7078125 0.1796875 0.709375 0.171875 0.734375 0.171875 0.7359375 0.165625 0.7515625 0.165625 0.753125 0.171875 0.7609375 0.171875 0.7609375 0.184375 0.7171875 0.184375 0.715625 0.1921875 0.690625 0.1921875 0.6890625 0.1984375 0.6734375 0.1984375 0.671875 0.20625 0.6375 0.20625 0.6359375 0.2140625 0.6109375 0.2140625 0.609375 0.20625 0.59375 0.20625 0.5921875 0.1984375 0.5671875 0.1984375 0.5671875 0.15 0.5765625 0.1484375 0.5765625 0.1375
1 0.646875 0.1 0.6546875 0.1 0.65625 0.115625 0.68125 0.115625 0.6828125 0.121875 0.6890625 0.121875 0.690625 0.115625 0.715625 0.115625 0.7171875 0.1078125 0.734375 0.1078125 0.7359375 0.115625 0.7421875 0.115625 0.74375 0.121875 0.7515625 0.121875 0.7515625 0.1484375 0.7421875 0.15 0.7421875 0.1640625 0.7 0.1640625 0.6984375 0.1703125 0.6890625 0.171875 0.6890625 0.178125 0.6734375 0.178125 0.671875 0.184375 0.65625 0.184375 0.6546875 0.1921875 0.6296875 0.1921875 0.628125 0.184375 0.6203125 0.184375 0.61875 0.178125 0.6109375 0.178125 0.609375 0.1703125 0.603125 0.1703125 0.603125 0.1578125 0.59375 0.15625 0.59375 0.121875 0.603125 0.1203125 0.603125 0.1078125 0.6453125 0.1078125 0.646875 0.1015625
1 0.65625 0.665625 0.7421875 0.665625 0.74375 0.671875 0.778125 0.671875 0.7796875 0.6796875 0.7875 0.6796875 0.7890625 0.6859375 0.7953125 0.6859375 0.796875 0.69375 0.8046875 0.69375 0.8046875 0.7140625 0.74375 0.7140625 0.7421875 0.7203125 0.7359375 0.7203125 0.734375 0.7140625 0.7265625 0.7140625 0.725 0.7203125 0.6734375 0.7203125 0.671875 0.728125 0.6640625 0.728125 0.6625 0.7203125 0.646875 0.7203125 0.6453125 0.728125 0.6296875 0.728125 0.628125 0.734375 0.61875 0.7359375 0.61875 0.7421875 0.603125 0.7421875 0.6015625 0.7484375 0.59375 0.7484375 0.5921875 0.75625 0.5828125 0.7578125 0.5828125 0.7640625 0.5671875 0.7640625 0.565625 0.778125 0.5578125 0.778125 0.55625 0.7921875 0.55 0.7921875 0.5484375 0.784375 0.540625 0.784375 0.540625 0.75 0.55 0.7484375 0.55 0.7296875 0.55625 0.7296875 0.5578125 0.721875 0.5671875 0.7203125 0.5671875 0.7078125 0.575 0.7078125 0.5765625 0.7 0.5828125 0.7 0.584375 0.69375 0.5921875 0.69375 0.59375 0.6859375 0.609375 0.6859375 0.6109375 0.6796875 0.628125 0.6796875 0.6296875 0.671875 0.6546875 0.671875 0.65625 0.6671875
1 0.0796875 0.7578125 0.0875 0.7578125 0.0890625 0.765625 0.096875 0.765625 0.0984375 0.7578125 0.15 0.7578125 0.1515625 0.765625 0.203125 0.765625 0.2046875 0.771875 0.2109375 0.771875 0.2125 0.7796875 0.2375 0.7796875 0.2390625 0.7859375 0.2734375 0.7859375 0.275 0.79375 0.2828125 0.79375 0.2828125 0.7984375 0.2734375 0.8 0.275 0.8078125 0.2828125 0.8078125 0.284375 0.815625 0.290625 0.815625 0.2921875 0.821875 0.3 0.821875 0.3015625 0.8296875 0.3171875 0.8296875 0.31875 0.8359375 0.3359375 0.8359375 0.3359375 0.8484375 0.34375 0.85 0.3453125 0.8578125 0.353125 0.8578125 0.3546875 0.871875 0.3625 0.871875 0.3625 0.9140625 0.328125 0.9140625 0.328125 0.9078125 0.31875 0.90625 0.3171875 0.8984375 0.3015625 0.8984375 0.3 0.8921875 0.284375 0.8921875 0.2828125 0.884375 0.275 0.884375 0.2734375 0.878125 0.2578125 0.878125 0.25625 0.8703125 0.2390625 0.8703125 0.2375 0.8640625 0.221875 0.8640625 0.2203125 0.85625 0.2046875 0.85625 0.2046875 0.8359375 0.1953125 0.834375 0.19375 0.828125 0.178125 0.828125 0.178125 0.821875 0.16875 0.8203125 0.1671875 0.8140625 0.10625 0.8140625 0.1046875 0.828125 0.0984375 0.828125 0.096875 0.834375 0.0890625 0.834375 0.0875 0.8421875 0.0796875 0.8421875 0.078125 0.8484375 0.0625 0.8484375 0.0609375 0.85625 0.053125 0.85625 0.053125 0.84375 0.0453125 0.8421875 0.0453125 0.821875 0.0359375 0.8203125 0.0359375 0.7859375 0.04375 0.7859375 0.0453125 0.7796875 0.0515625 0.7796875 0.053125 0.771875 0.0703125 0.771875 0.071875 0.765625 0.0796875 0.7640625 0.0796875 0.759375
1 0.390625 0.165625 0.46875 0.165625 0.4703125 0.171875 0.4765625 0.171875 0.478125 0.1796875 0.503125 0.1796875 0.5046875 0.1859375 0.521875 0.1859375 0.521875 0.20625 0.5296875 0.2078125 0.5296875 0.2203125 0.521875 0.221875 0.521875 0.234375 0.5046875 0.234375 0.503125 0.228125 0.4875 0.228125 0.4859375 0.2203125 0.4078125 0.2203125 0.40625 0.228125 0.3640625 0.228125 0.3625 0.234375 0.3546875 0.234375 0.353125 0.228125 0.3453125 0.228125 0.3453125 0.1859375 0.353125 0.1859375 0.3546875 0.1796875 0.3703125 0.1796875 0.371875 0.171875 0.3890625 0.171875 0.390625 0.1671875
1 0.38125 0.2859375 0.4328125 0.2859375 0.434375 0.29375 0.459375 0.29375 0.4609375 0.3 0.4765625 0.3 0.4765625 0.30625 0.4859375 0.3078125 0.4875 0.315625 0.503125 0.315625 0.5046875 0.321875 0.5125 0.321875 0.5140625 0.3296875 0.521875 0.3296875 0.5234375 0.3359375 0.5296875 0.3359375 0.53125 0.35 0.5390625 0.35 0.5390625 0.3703125 0.5140625 0.3703125 0.5125 0.3640625 0.5046875 0.3640625 0.503125 0.35625 0.4875 0.35625 0.4875 0.35 0.478125 0.3484375 0.4765625 0.3421875 0.4609375 0.3421875 0.459375 0.334375 0.44375 0.334375 0.4421875 0.328125 0.38125 0.328125 0.3796875 0.334375 0.3453125 0.334375 0.34375 0.3421875 0.328125 0.3421875 0.3265625 0.3484375 0.31875 0.3484375 0.3171875 0.35625 0.309375 0.3578125 0.309375 0.3640625 0.3015625 0.3640625 0.3015625 0.35 0.2921875 0.3484375 0.2921875 0.34375 0.3015625 0.3421875 0.3015625 0.3296875 0.309375 0.3296875 0.3109375 0.321875 0.3171875 0.321875 0.31875 0.315625 0.3265625 0.315625 0.328125 0.3078125 0.3375 0.30625 0.3375 0.3 0.353125 0.3 0.3546875 0.29375 0.3796875 0.29375 0.38125 0.2875
1 0.2578125 0.6296875 0.2828125 0.6296875 0.284375 0.6359375 0.290625 0.6359375 0.2921875 0.64375 0.309375 0.64375 0.3109375 0.65 0.3265625 0.65 0.3265625 0.65625 0.3359375 0.6578125 0.3375 0.665625 0.353125 0.665625 0.353125 0.6703125 0.3625 0.671875 0.3625 0.678125 0.3703125 0.6796875 0.371875 0.6859375 0.3796875 0.6859375 0.38125 0.69375 0.3890625 0.69375 0.3890625 0.70625 0.396875 0.7078125 0.396875 0.7203125 0.40625 0.721875 0.4078125 0.7296875 0.415625 0.7296875 0.415625 0.7421875 0.4234375 0.74375 0.4234375 0.75625 0.4328125 0.7578125 0.4328125 0.7921875 0.4421875 0.79375 0.4421875 0.8140625 0.4328125 0.815625 0.4328125 0.834375 0.425 0.834375 0.4234375 0.8421875 0.4078125 0.8421875 0.40625 0.834375 0.371875 0.834375 0.371875 0.821875 0.3640625 0.8203125 0.3640625 0.8078125 0.3546875 0.80625 0.353125 0.7921875 0.3453125 0.7921875 0.3453125 0.765625 0.3375 0.7640625 0.3359375 0.75625 0.328125 0.75625 0.328125 0.75 0.31875 0.7484375 0.3171875 0.7421875 0.3109375 0.7421875 0.309375 0.734375 0.3015625 0.734375 0.3 0.728125 0.2921875 0.728125 0.2921875 0.721875 0.284375 0.7203125 0.2828125 0.7140625 0.275 0.7140625 0.275 0.7078125 0.265625 0.70625 0.2640625 0.6984375 0.2484375 0.6984375 0.246875 0.6921875 0.23125 0.6921875 0.2296875 0.684375 0.2046875 0.684375 0.203125 0.678125 0.1859375 0.678125 0.1859375 0.665625 0.19375 0.665625 0.1953125 0.6578125 0.203125 0.6578125 0.2046875 0.65 0.2109375 0.65 0.2125 0.64375 0.2296875 0.64375 0.23125 0.6359375 0.25625 0.6359375 0.2578125 0.63125
1 0.284375 0.5796875 0.309375 0.5796875 0.3109375 0.5859375 0.353125 0.5859375 0.3546875 0.59375 0.3703125 0.59375 0.371875 0.6 0.3796875 0.6 0.3796875 0.60625 0.3890625 0.6078125 0.390625 0.615625 0.40625 0.615625 0.4078125 0.621875 0.415625 0.621875 0.415625 0.628125 0.4234375 0.6296875 0.4234375 0.6421875 0.4328125 0.64375 0.4328125 0.65625 0.4421875 0.6578125 0.4421875 0.6703125 0.45 0.671875 0.45 0.684375 0.459375 0.6859375 0.459375 0.70625 0.46875 0.7078125 0.46875 0.7203125 0.459375 0.721875 0.459375 0.7421875 0.4515625 0.7421875 0.45 0.7484375 0.434375 0.7484375 0.4328125 0.7421875 0.425 0.7421875 0.4234375 0.734375 0.4171875 0.734375 0.415625 0.7203125 0.4078125 0.7203125 0.40625 0.7140625 0.3984375 0.7140625 0.3984375 0.7 0.390625 0.6984375 0.3890625 0.684375 0.38125 0.684375 0.3796875 0.678125 0.3640625 0.678125 0.3625 0.6703125 0.3453125 0.6703125 0.3453125 0.6578125 0.3375 0.65625 0.3359375 0.6484375 0.31875 0.6484375 0.3171875 0.6421875 0.3015625 0.6421875 0.3 0.634375 0.284375 0.634375 0.2828125 0.628125 0.2578125 0.628125 0.25625 0.634375 0.23125 0.634375 0.2296875 0.6421875 0.2125 0.6421875 0.2109375 0.6484375 0.203125 0.65 0.203125 0.65625 0.19375 0.6578125 0.19375 0.6703125 0.1859375 0.6703125 0.184375 0.678125 0.178125 0.678125 0.178125 0.665625 0.16875 0.6640625 0.16875 0.65 0.1765625 0.65 0.178125 0.64375 0.1859375 0.6421875 0.1859375 0.6359375 0.19375 0.6359375 0.1953125 0.6296875 0.2046875 0.628125 0.2046875 0.615625 0.2109375 0.615625 0.2125 0.6078125 0.221875 0.60625 0.221875 0.59375 0.246875 0.59375 0.2484375 0.5859375 0.2828125 0.5859375 0.284375 0.58125
1 0.6828125 0.79375 0.725 0.79375 0.7265625 0.8 0.778125 0.8 0.7796875 0.8078125 0.7953125 0.8078125 0.796875 0.815625 0.8140625 0.815625 0.815625 0.821875 0.840625 0.821875 0.8421875 0.8296875 0.8578125 0.8296875 0.859375 0.8359375 0.8671875 0.8359375 0.86875 0.84375 0.884375 0.84375 0.8859375 0.85 0.89375 0.85 0.89375 0.85625 0.9015625 0.8578125 0.903125 0.865625 0.9109375 0.865625 0.9125 0.871875 0.9203125 0.871875 0.9203125 0.884375 0.928125 0.8859375 0.928125 0.8984375 0.9375 0.9 0.9375 0.9140625 0.9296875 0.9140625 0.928125 0.9203125 0.903125 0.9203125 0.9015625 0.9140625 0.8765625 0.9140625 0.875 0.90625 0.859375 0.90625 0.859375 0.9 0.85 0.8984375 0.8484375 0.8921875 0.8328125 0.8921875 0.83125 0.884375 0.8234375 0.884375 0.821875 0.878125 0.80625 0.878125 0.8046875 0.8703125 0.7890625 0.8703125 0.7875 0.8640625 0.7703125 0.8640625 0.76875 0.85625 0.74375 0.85625 0.7421875 0.8484375 0.603125 0.8484375 0.603125 0.84375 0.6109375 0.8421875 0.6109375 0.821875 0.61875 0.821875 0.6203125 0.815625 0.628125 0.815625 0.6296875 0.8078125 0.6375 0.80625 0.6375 0.8 0.68125 0.8 0.6828125 0.7953125
1 0.371875 0.2859375 0.4328125 0.2859375 0.434375 0.29375 0.459375 0.29375 0.4609375 0.3 0.4765625 0.3 0.4765625 0.30625 0.4859375 0.3078125 0.4859375 0.3140625 0.4953125 0.315625 0.496875 0.321875 0.5125 0.321875 0.5140625 0.3296875 0.521875 0.3296875 0.521875 0.3421875 0.5296875 0.34375 0.53125 0.35 0.5390625 0.35 0.5390625 0.3640625 0.5484375 0.365625 0.5484375 0.3703125 0.55625 0.371875 0.55625 0.378125 0.565625 0.3796875 0.5671875 0.3859375 0.575 0.3859375 0.575 0.3921875 0.5828125 0.39375 0.5828125 0.40625 0.5921875 0.4078125 0.5921875 0.428125 0.5671875 0.428125 0.5671875 0.415625 0.5578125 0.4140625 0.5578125 0.4078125 0.55 0.40625 0.5484375 0.3984375 0.540625 0.3984375 0.5390625 0.384375 0.53125 0.384375 0.5296875 0.378125 0.5140625 0.378125 0.5125 0.3703125 0.5046875 0.3703125 0.5046875 0.365625 0.496875 0.3640625 0.4953125 0.35625 0.4875 0.35625 0.4875 0.35 0.478125 0.3484375 0.4765625 0.3421875 0.4609375 0.3421875 0.459375 0.334375 0.434375 0.334375 0.4328125 0.328125 0.38125 0.328125 0.3796875 0.334375 0.3546875 0.334375 0.353125 0.3421875 0.3453125 0.3421875 0.34375 0.3484375 0.328125 0.3484375 0.3265625 0.35625 0.3171875 0.3578125 0.3171875 0.3640625 0.3109375 0.3640625 0.309375 0.3703125 0.3015625 0.3703125 0.3015625 0.3296875 0.309375 0.3296875 0.3109375 0.321875 0.3171875 0.321875 0.31875 0.315625 0.3265625 0.315625 0.328125 0.3078125 0.3375 0.30625 0.3375 0.3 0.353125 0.3 0.3546875 0.29375 0.3703125 0.29375 0.371875 0.2875
1 0.584375 0.015625 0.6453125 0.015625 0.646875 0.021875 0.6625 0.021875 0.6640625 0.0359375 0.68125 0.0359375 0.68125 0.0703125 0.6734375 0.0703125 0.671875 0.078125 0.5578125 0.078125 0.5578125 0.071875 0.55 0.0703125 0.55 0.0578125 0.540625 0.05625 0.540625 0.05 0.55 0.0484375 0.55 0.0359375 0.55625 0.0359375 0.5578125 0.0296875 0.565625 0.0296875 0.5671875 0.021875 0.5828125 0.021875 0.584375 0.0171875
1 0.6828125 0.3359375 0.734375 0.3359375 0.7359375 0.34375 0.7609375 0.34375 0.7625 0.35 0.778125 0.35 0.778125 0.35625 0.7875 0.3578125 0.7890625 0.365625 0.7953125 0.365625 0.796875 0.371875 0.8046875 0.371875 0.8046875 0.378125 0.8140625 0.3796875 0.815625 0.3859375 0.821875 0.3859375 0.821875 0.3921875 0.796875 0.3921875 0.7953125 0.384375 0.7703125 0.384375 0.76875 0.378125 0.7 0.378125 0.6984375 0.384375 0.6890625 0.3859375 0.6890625 0.3921875 0.6734375 0.3921875 0.671875 0.3984375 0.6640625 0.3984375 0.6625 0.40625 0.6546875 0.4078125 0.6546875 0.4203125 0.6375 0.4203125 0.6359375 0.4140625 0.6296875 0.4140625 0.6296875 0.371875 0.6375 0.3703125 0.6375 0.3578125 0.6453125 0.3578125 0.646875 0.35 0.6625 0.35 0.6640625 0.34375 0.68125 0.34375 0.6828125 0.3375
1 0.6734375 0.7796875 0.8140625 0.7796875 0.815625 0.7859375 0.840625 0.7859375 0.8421875 0.79375 0.884375 0.79375 0.8859375 0.8 0.9109375 0.8 0.9125 0.8078125 0.9203125 0.8078125 0.9203125 0.8140625 0.928125 0.815625 0.928125 0.828125 0.9375 0.8296875 0.9375 0.85625 0.8953125 0.85625 0.89375 0.8484375 0.8765625 0.8484375 0.875 0.8421875 0.86875 0.8421875 0.8671875 0.834375 0.85 0.834375 0.8484375 0.828125 0.8328125 0.828125 0.83125 0.8203125 0.815625 0.8203125 0.8140625 0.8140625 0.796875 0.8140625 0.7953125 0.80625 0.7703125 0.80625 0.76875 0.7984375 0.7171875 0.7984375 0.715625 0.7921875 0.690625 0.7921875 0.6890625 0.7984375 0.65625 0.7984375 0.65625 0.79375 0.6625 0.79375 0.6640625 0.7859375 0.671875 0.7859375 0.6734375 0.78125
1 0.425 0.2078125 0.45 0.2078125 0.4515625 0.215625 0.4859375 0.215625 0.4875 0.221875 0.503125 0.221875 0.5046875 0.2296875 0.521875 0.2296875 0.5234375 0.2359375 0.5296875 0.2359375 0.5296875 0.25625 0.521875 0.2578125 0.521875 0.2703125 0.5140625 0.2703125 0.5125 0.278125 0.5046875 0.278125 0.503125 0.2703125 0.4875 0.2703125 0.4859375 0.2640625 0.425 0.2640625 0.4234375 0.2703125 0.3984375 0.2703125 0.396875 0.278125 0.38125 0.278125 0.3796875 0.284375 0.3546875 0.284375 0.353125 0.2921875 0.3453125 0.2921875 0.34375 0.2984375 0.3015625 0.2984375 0.3015625 0.271875 0.309375 0.271875 0.3109375 0.265625 0.3171875 0.265625 0.31875 0.25 0.3265625 0.25 0.328125 0.24375 0.3359375 0.24375 0.3375 0.2359375 0.34375 0.2359375 0.3453125 0.2296875 0.3703125 0.2296875 0.371875 0.221875 0.40625 0.221875 0.4078125 0.215625 0.4234375 0.215625 0.425 0.209375
1 0.74375 0.25 0.8046875 0.25 0.8046875 0.2703125 0.796875 0.2703125 0.7953125 0.278125 0.7890625 0.278125 0.7875 0.284375 0.7796875 0.284375 0.778125 0.2921875 0.74375 0.2921875 0.7421875 0.2984375 0.6640625 0.2984375 0.6640625 0.271875 0.68125 0.271875 0.6828125 0.265625 0.725 0.265625 0.7265625 0.2578125 0.7421875 0.2578125 0.74375 0.2515625
1 0.5046875 0.5578125 0.5125 0.5578125 0.5140625 0.565625 0.5296875 0.565625 0.53125 0.571875 0.5484375 0.571875 0.5484375 0.5921875 0.55625 0.59375 0.55625 0.60625 0.55 0.60625 0.5484375 0.6140625 0.540625 0.6140625 0.5390625 0.6203125 0.53125 0.6203125 0.5296875 0.6140625 0.5234375 0.6140625 0.521875 0.60625 0.5140625 0.60625 0.5125 0.5984375 0.5046875 0.5984375 0.503125 0.5921875 0.496875 0.5921875 0.4953125 0.584375 0.4875 0.584375 0.4875 0.565625 0.503125 0.565625 0.5046875 0.559375
1 0.7171875 0.371875 0.725 0.371875 0.7265625 0.3796875 0.778125 0.3796875 0.7796875 0.3859375 0.821875 0.3859375 0.8234375 0.39375 0.83125 0.39375 0.8328125 0.4 0.840625 0.4 0.8421875 0.4078125 0.8484375 0.4078125 0.8484375 0.4421875 0.8421875 0.4421875 0.840625 0.434375 0.815625 0.434375 0.8140625 0.428125 0.796875 0.428125 0.796875 0.421875 0.7890625 0.4203125 0.7875 0.4140625 0.7703125 0.4140625 0.76875 0.40625 0.709375 0.40625 0.7078125 0.4140625 0.6828125 0.4140625 0.68125 0.4203125 0.6640625 0.4203125 0.6640625 0.4 0.671875 0.4 0.6734375 0.39375 0.68125 0.39375 0.6828125 0.3859375 0.6890625 0.3859375 0.690625 0.3796875 0.715625 0.3796875 0.7171875 0.3734375
1 0.5578125 0.265625 0.628125 0.265625 0.6296875 0.271875 0.6546875 0.271875 0.6546875 0.284375 0.6625 0.2859375 0.6625 0.2921875 0.671875 0.29375 0.6734375 0.3 0.7421875 0.3 0.74375 0.29375 0.778125 0.29375 0.7796875 0.2859375 0.8046875 0.2859375 0.8046875 0.3140625 0.796875 0.3140625 0.7953125 0.3203125 0.7890625 0.3203125 0.7875 0.328125 0.7625 0.328125 0.7609375 0.334375 0.7 0.334375 0.6984375 0.3421875 0.6640625 0.3421875 0.6625 0.3484375 0.6375 0.3484375 0.6359375 0.35625 0.6203125 0.35625 0.6203125 0.35 0.6109375 0.3484375 0.609375 0.3421875 0.5765625 0.3421875 0.575 0.334375 0.5671875 0.334375 0.5671875 0.321875 0.5578125 0.3203125 0.5578125 0.3078125 0.55 0.30625 0.55 0.29375 0.5578125 0.2921875 0.5578125 0.2859375 0.55 0.284375 0.55 0.2796875 0.5578125 0.278125 0.5578125 0.2671875
1 0.690625 0.5 0.725 0.5 0.7265625 0.5078125 0.7609375 0.5078125 0.7625 0.515625 0.7875 0.515625 0.7890625 0.521875 0.7953125 0.521875 0.796875 0.5296875 0.8140625 0.5296875 0.815625 0.5359375 0.821875 0.5359375 0.8234375 0.54375 0.83125 0.54375 0.8328125 0.55 0.840625 0.55 0.840625 0.5703125 0.8484375 0.571875 0.8484375 0.578125 0.840625 0.5796875 0.840625 0.5921875 0.8234375 0.5921875 0.821875 0.584375 0.7890625 0.584375 0.7875 0.578125 0.74375 0.578125 0.7421875 0.5703125 0.7 0.5703125 0.6984375 0.578125 0.646875 0.578125 0.6453125 0.584375 0.6359375 0.5859375 0.6359375 0.5921875 0.6296875 0.5921875 0.628125 0.5984375 0.6203125 0.5984375 0.61875 0.60625 0.6109375 0.60625 0.609375 0.6140625 0.6015625 0.615625 0.6015625 0.628125 0.59375 0.628125 0.5921875 0.634375 0.584375 0.634375 0.5828125 0.6421875 0.575 0.64375 0.575 0.6484375 0.5671875 0.6484375 0.5671875 0.621875 0.5578125 0.6203125 0.5578125 0.565625 0.5671875 0.5640625 0.5671875 0.55 0.5765625 0.5484375 0.5765625 0.5359375 0.5921875 0.5359375 0.59375 0.5296875 0.6015625 0.5296875 0.603125 0.521875 0.6109375 0.5203125 0.6109375 0.515625 0.628125 0.515625 0.6296875 0.5078125 0.6890625 0.5078125 0.690625 0.5015625
1 0.53125 0.371875 0.55625 0.371875 0.5578125 0.3796875 0.565625 0.3796875 0.565625 0.384375 0.575 0.3859375 0.575 0.3921875 0.5828125 0.39375 0.584375 0.4 0.5921875 0.4 0.5921875 0.428125 0.5671875 0.428125 0.565625 0.4203125 0.5578125 0.4203125 0.55625 0.4140625 0.55 0.4140625 0.55 0.4 0.540625 0.3984375 0.540625 0.3859375 0.53125 0.384375 0.53125 0.3734375
1 0.38125 0.3296875 0.4328125 0.3296875 0.434375 0.3359375 0.459375 0.3359375 0.4609375 0.34375 0.4765625 0.34375 0.4765625 0.3484375 0.4859375 0.35 0.4859375 0.35625 0.4953125 0.3578125 0.4953125 0.3640625 0.503125 0.365625 0.5046875 0.371875 0.521875 0.371875 0.5234375 0.3796875 0.5296875 0.3796875 0.53125 0.3859375 0.5390625 0.3859375 0.5390625 0.3984375 0.5484375 0.4 0.5484375 0.4140625 0.55625 0.415625 0.5578125 0.421875 0.565625 0.421875 0.565625 0.45625 0.540625 0.45625 0.5390625 0.4484375 0.5234375 0.4484375 0.521875 0.4421875 0.5140625 0.4421875 0.5125 0.434375 0.5046875 0.434375 0.503125 0.428125 0.496875 0.428125 0.4953125 0.4203125 0.4875 0.4203125 0.4859375 0.4140625 0.478125 0.4140625 0.478125 0.4078125 0.4703125 0.40625 0.46875 0.3984375 0.44375 0.3984375 0.4421875 0.3921875 0.4171875 0.3921875 0.415625 0.384375 0.31875 0.384375 0.3171875 0.378125 0.3109375 0.378125 0.3109375 0.365625 0.31875 0.3640625 0.31875 0.35 0.3265625 0.35 0.328125 0.34375 0.353125 0.34375 0.3546875 0.3359375 0.3796875 0.3359375 0.38125 0.33125
1 0.3546875 0.5296875 0.3625 0.5296875 0.3640625 0.5359375 0.40625 0.5359375 0.4078125 0.54375 0.4328125 0.54375 0.4328125 0.5484375 0.4421875 0.55 0.4421875 0.55625 0.45 0.5578125 0.45 0.5640625 0.459375 0.565625 0.4609375 0.571875 0.4859375 0.571875 0.4875 0.5796875 0.4953125 0.5796875 0.496875 0.5859375 0.503125 0.5859375 0.503125 0.5984375 0.5046875 0.6 0.521875 0.6 0.521875 0.6140625 0.5296875 0.615625 0.53125 0.621875 0.5390625 0.621875 0.540625 0.6359375 0.5484375 0.6359375 0.5484375 0.6703125 0.540625 0.6703125 0.5390625 0.678125 0.53125 0.678125 0.5296875 0.684375 0.5234375 0.684375 0.521875 0.678125 0.5046875 0.678125 0.5046875 0.671875 0.496875 0.6703125 0.4953125 0.6640625 0.4875 0.6640625 0.4859375 0.65625 0.4703125 0.65625 0.4703125 0.65 0.4609375 0.6484375 0.459375 0.6421875 0.4515625 0.6421875 0.4515625 0.6359375 0.44375 0.634375 0.4421875 0.628125 0.425 0.628125 0.425 0.621875 0.4171875 0.6203125 0.415625 0.6140625 0.3984375 0.6140625 0.3984375 0.6078125 0.390625 0.60625 0.3890625 0.5984375 0.371875 0.5984375 0.3703125 0.5921875 0.3546875 0.5921875 0.353125 0.584375 0.328125 0.584375 0.3265625 0.578125 0.265625 0.578125 0.265625 0.571875 0.275 0.5703125 0.275 0.5578125 0.2828125 0.5578125 0.284375 0.55 0.290625 0.55 0.2921875 0.54375 0.309375 0.54375 0.3109375 0.5359375 0.353125 0.5359375 0.3546875 0.53125
1 0.5765625 0.0359375 0.61875 0.0359375 0.6203125 0.04375 0.6359375 0.04375 0.6375 0.05 0.6546875 0.05 0.6546875 0.05625 0.6625 0.0578125 0.6625 0.078125 0.55 0.078125 0.55 0.04375 0.575 0.04375 0.5765625 0.0375
1 0.265625 0.7859375 0.2734375 0.7859375 0.275 0.79375 0.3 0.79375 0.3015625 0.8 0.3171875 0.8 0.31875 0.8078125 0.3359375 0.8078125 0.3359375 0.8140625 0.34375 0.815625 0.34375 0.828125 0.353125 0.8296875 0.353125 0.8421875 0.3625 0.84375 0.3625 0.8703125 0.353125 0.871875 0.3546875 0.8796875 0.3625 0.8796875 0.3625 0.9140625 0.3453125 0.9140625 0.3453125 0.8578125 0.34375 0.85625 0.328125 0.85625 0.328125 0.85 0.31875 0.8484375 0.3171875 0.8421875 0.3109375 0.8421875 0.309375 0.834375 0.3015625 0.834375 0.3 0.828125 0.284375 0.828125 0.2828125 0.8203125 0.275 0.8203125 0.2734375 0.8140625 0.265625 0.8140625 0.265625 0.8078125 0.2578125 0.80625 0.2578125 0.8 0.265625 0.7984375 0.265625 0.7875
1 0.328125 0.471875 0.415625 0.471875 0.4171875 0.4796875 0.4421875 0.4796875 0.44375 0.4859375 0.45 0.4859375 0.4515625 0.49375 0.46875 0.49375 0.4703125 0.5 0.4765625 0.5 0.478125 0.5078125 0.4859375 0.5078125 0.4875 0.515625 0.4953125 0.515625 0.4953125 0.528125 0.503125 0.5296875 0.503125 0.55625 0.496875 0.55625 0.4953125 0.5640625 0.478125 0.5640625 0.4765625 0.5703125 0.4703125 0.5703125 0.46875 0.5640625 0.4515625 0.5640625 0.4515625 0.5578125 0.44375 0.55625 0.4421875 0.5484375 0.434375 0.5484375 0.4328125 0.5421875 0.4171875 0.5421875 0.415625 0.534375 0.38125 0.534375 0.3796875 0.528125 0.328125 0.528125 0.3265625 0.534375 0.3015625 0.534375 0.3 0.5421875 0.284375 0.5421875 0.2828125 0.5484375 0.2734375 0.55 0.2734375 0.5640625 0.265625 0.5640625 0.2640625 0.5703125 0.25625 0.571875 0.25625 0.578125 0.2484375 0.578125 0.246875 0.5703125 0.2390625 0.5703125 0.2390625 0.515625 0.246875 0.515625 0.2484375 0.5078125 0.25625 0.5078125 0.2578125 0.5 0.2640625 0.5 0.265625 0.49375 0.2828125 0.49375 0.284375 0.4859375 0.290625 0.4859375 0.2921875 0.4796875 0.3265625 0.4796875 0.328125 0.4734375
1 0.3640625 0.015625 0.4859375 0.015625 0.4875 0.021875 0.503125 0.021875 0.5046875 0.0296875 0.5125 0.0296875 0.5125 0.05625 0.5046875 0.05625 0.503125 0.0640625 0.390625 0.0640625 0.3890625 0.05625 0.371875 0.05625 0.371875 0.05 0.3640625 0.0484375 0.3640625 0.0171875
1 0.5765625 0.015625 0.6546875 0.015625 0.65625 0.021875 0.671875 0.021875 0.671875 0.034375 0.68125 0.0359375 0.68125 0.0421875 0.6890625 0.04375 0.6890625 0.0640625 0.6828125 0.0640625 0.68125 0.0703125 0.6734375 0.0703125 0.671875 0.078125 0.6640625 0.078125 0.6640625 0.065625 0.65625 0.0640625 0.6546875 0.05625 0.646875 0.05625 0.6453125 0.0484375 0.6296875 0.0484375 0.628125 0.0421875 0.55 0.0421875 0.55 0.0359375 0.55625 0.0359375 0.5578125 0.0296875 0.565625 0.0296875 0.5671875 0.021875 0.575 0.021875 0.5765625 0.0171875
1 0.0984375 0.84375 0.1140625 0.84375 0.115625 0.85 0.15 0.85 0.1515625 0.8578125 0.1765625 0.8578125 0.178125 0.865625 0.203125 0.865625 0.2046875 0.871875 0.2296875 0.871875 0.23125 0.8796875 0.246875 0.8796875 0.2484375 0.8859375 0.2640625 0.8859375 0.265625 0.89375 0.2828125 0.89375 0.284375 0.9 0.290625 0.9 0.2921875 0.9078125 0.3 0.9078125 0.3015625 0.915625 0.309375 0.915625 0.3109375 0.921875 0.3171875 0.921875 0.31875 0.9296875 0.3265625 0.9296875 0.328125 0.9359375 0.3359375 0.9359375 0.3359375 0.9484375 0.34375 0.95 0.34375 0.978125 0.284375 0.978125 0.2828125 0.9703125 0.265625 0.9703125 0.2640625 0.9640625 0.2578125 0.9640625 0.25625 0.95625 0.23125 0.95625 0.2296875 0.9484375 0.2125 0.9484375 0.2109375 0.9421875 0.2046875 0.9421875 0.203125 0.934375 0.1859375 0.934375 0.184375 0.928125 0.16875 0.928125 0.1671875 0.9203125 0.1421875 0.9203125 0.140625 0.9140625 0.125 0.9140625 0.1234375 0.90625 0.10625 0.90625 0.1046875 0.8984375 0.0890625 0.8984375 0.0875 0.8921875 0.071875 0.8921875 0.0703125 0.884375 0.0625 0.884375 0.0609375 0.878125 0.053125 0.878125 0.053125 0.865625 0.0609375 0.865625 0.0625 0.8578125 0.071875 0.85625 0.071875 0.85 0.096875 0.85 0.0984375 0.8453125
1 0.3453125 0.121875 0.40625 0.121875 0.4078125 0.1296875 0.45 0.1296875 0.4515625 0.1359375 0.459375 0.1359375 0.4609375 0.14375 0.4765625 0.14375 0.478125 0.15 0.4859375 0.15 0.4875 0.1578125 0.4953125 0.1578125 0.4953125 0.1703125 0.4609375 0.1703125 0.459375 0.1640625 0.3984375 0.1640625 0.396875 0.1703125 0.371875 0.1703125 0.3703125 0.178125 0.3546875 0.178125 0.353125 0.184375 0.3453125 0.184375 0.34375 0.178125 0.3375 0.178125 0.3375 0.165625 0.3453125 0.1640625 0.3453125 0.1234375
1 0.709375 0.4 0.7421875 0.4 0.74375 0.4078125 0.7515625 0.4078125 0.753125 0.4 0.7609375 0.4 0.7625 0.4078125 0.8140625 0.4078125 0.8140625 0.4203125 0.821875 0.421875 0.8234375 0.4296875 0.840625 0.4296875 0.8421875 0.4359375 0.8484375 0.4359375 0.8484375 0.4484375 0.8421875 0.4484375 0.840625 0.4421875 0.8328125 0.4421875 0.83125 0.434375 0.80625 0.434375 0.8046875 0.428125 0.796875 0.428125 0.7953125 0.434375 0.7890625 0.434375 0.7875 0.428125 0.753125 0.428125 0.7515625 0.434375 0.7171875 0.434375 0.715625 0.4421875 0.7 0.4421875 0.6984375 0.44375 0.6984375 0.45625 0.6828125 0.45625 0.68125 0.4640625 0.6734375 0.4640625 0.671875 0.478125 0.65625 0.478125 0.6546875 0.4921875 0.6375 0.4921875 0.6375 0.4796875 0.6296875 0.478125 0.6296875 0.4578125 0.6375 0.45625 0.6375 0.4359375 0.6453125 0.4359375 0.646875 0.4296875 0.6546875 0.4296875 0.65625 0.421875 0.6640625 0.4203125 0.6640625 0.4078125 0.7078125 0.4078125 0.709375 0.4015625