2 0.4890625 0.296875 0.5359375 0.296875 0.5375 0.30625 0.5484375 0.30625 0.55 0.315625 0.5609375 0.315625 0.5609375 0.3234375 0.5671875 0.325 0.56875 0.334375 0.5734375 0.334375 0.5734375 0.3515625 0.5796875 0.353125 0.58125 0.3625 0.5859375 0.3625 0.5859375 0.378125 0.5921875 0.3796875 0.5921875 0.425 0.58125 0.425 0.58125 0.4171875 0.575 0.415625 0.575 0.4078125 0.56875 0.40625 0.56875 0.3984375 0.55625 0.396875 0.5546875 0.3875 0.54375 0.3875 0.5421875 0.378125 0.4890625 0.378125 0.4875 0.3875 0.4703125 0.3875 0.46875 0.396875 0.4578125 0.396875 0.45625 0.40625 0.45 0.4078125 0.45 0.415625 0.4453125 0.415625 0.44375 0.425 0.4390625 0.425 0.4390625 0.4171875 0.4328125 0.415625 0.4328125 0.371875 0.4375 0.371875 0.4390625 0.3625 0.4453125 0.3609375 0.4453125 0.34375 0.4515625 0.3421875 0.4515625 0.334375 0.4578125 0.3328125 0.4578125 0.325 0.4640625 0.3234375 0.4640625 0.315625 0.475 0.315625 0.4765625 0.30625 0.4875 0.30625 0.4890625 0.2984375
2 0.4953125 0.3796875 0.5421875 0.3796875 0.54375 0.3890625 0.5546875 0.3890625 0.55625 0.3984375 0.5671875 0.3984375 0.5671875 0.40625 0.5734375 0.4078125 0.575 0.4171875 0.5796875 0.4171875 0.5796875 0.434375 0.5859375 0.4359375 0.5859375 0.453125 0.5921875 0.4546875 0.5921875 0.5265625 0.5859375 0.528125 0.5859375 0.5453125 0.5796875 0.546875 0.5796875 0.5640625 0.5734375 0.565625 0.5734375 0.5734375 0.5671875 0.575 0.5671875 0.5828125 0.55625 0.5828125 0.5546875 0.5921875 0.525 0.5921875 0.5234375 0.6015625 0.4890625 0.6015625 0.4875 0.5921875 0.4703125 0.5921875 0.4703125 0.584375 0.4640625 0.5828125 0.4640625 0.575 0.4578125 0.5734375 0.4578125 0.565625 0.4515625 0.5640625 0.4515625 0.55625 0.4453125 0.5546875 0.44375 0.5453125 0.4390625 0.5453125 0.4390625 0.528125 0.4328125 0.5265625 0.4328125 0.4453125 0.4390625 0.44375 0.4390625 0.4359375 0.4453125 0.434375 0.4453125 0.4265625 0.4515625 0.425 0.4515625 0.4171875 0.4578125 0.415625 0.4578125 0.4078125 0.4640625 0.40625 0.4640625 0.3984375 0.475 0.3984375 0.4765625 0.3890625 0.49375 0.3890625 0.4953125 0.38125
2 0.26543209876543206 0.49074074074074076 0.2962962962962963 0.5462962962962963 0.3333333333333333 0.5740740740740741 0.3518518518518518 0.5648148148148148 0.3765432098765432 0.5277777777777778 0.3950617283950617 0.5185185185185185 0.4135802469135802 0.49074074074074076 0.4135802469135802 0.46296296296296297 0.41975308641975306 0.4537037037037037 0.41975308641975306 0.3888888888888889 0.40740740740740733 0.37037037037037035 0.38271604938271603 0.3518518518518518 0.3333333333333333 0.3518518518518518 0.2777777777777778 0.40740740740740733 0.26543209876543206 0.4444444444444445 0.26543209876543206 0.49074074074074076
2 0.12962962962962962 0.5740740740740741 0.1419753086419753 0.611111111111111 0.18518518518518517 0.6666666666666666 0.18518518518518517 0.6574074074074073 0.20370370370370366 0.6388888888888888 0.20987654320987653 0.611111111111111 0.25925925925925924 0.5277777777777778 0.25925925925925924 0.5 0.2530864197530864 0.4814814814814815 0.2345679012345679 0.4537037037037037 0.20987654320987653 0.4537037037037037 0.20370370370370366 0.4444444444444445 0.19753086419753085 0.4537037037037037 0.16049382716049382 0.46296296296296297 0.13580246913580246 0.5092592592592593 0.12962962962962962 0.537037037037037 0.12962962962962962 0.5740740740740741
2 0.20987654320987653 0.6944444444444444 0.22222222222222224 0.7314814814814814 0.22839506172839505 0.7314814814814814 0.24074074074074076 0.75 0.2839506172839506 0.75 0.2839506172839506 0.7222222222222221 0.2777777777777778 0.7129629629629629 0.31481481481481477 0.611111111111111 0.32098765432098764 0.611111111111111 0.3271604938271605 0.5925925925925926 0.3024691358024691 0.5648148148148148 0.2716049382716049 0.5462962962962963 0.2530864197530864 0.5462962962962963 0.22222222222222224 0.6018518518518519 0.20987654320987653 0.6388888888888888 0.20987654320987653 0.6944444444444444
2 0.2839506172839506 0.7129629629629629 0.2962962962962963 0.7592592592592593 0.30864197530864196 0.7777777777777778 0.3271604938271605 0.7777777777777778 0.3333333333333333 0.787037037037037 0.3765432098765432 0.787037037037037 0.38271604938271603 0.7962962962962963 0.43209876543209874 0.7962962962962963 0.4444444444444445 0.7777777777777778 0.45061728395061723 0.7592592592592593 0.45061728395061723 0.7314814814814814 0.4567901234567901 0.7222222222222221 0.4567901234567901 0.6851851851851851 0.4444444444444445 0.6388888888888888 0.4259259259259259 0.611111111111111 0.3950617283950617 0.5925925925925926 0.35802469135802467 0.5925925925925926 0.3271604938271605 0.611111111111111 0.3024691358024691 0.6481481481481481 0.2962962962962963 0.6481481481481481 0.2839506172839506 0.6851851851851851 0.2839506172839506 0.7129629629629629
2 0.46296296296296297 0.6666666666666666 0.46296296296296297 0.6851851851851851 0.4691358024691358 0.6944444444444444 0.4691358024691358 0.75 0.47530864197530864 0.7777777777777778 0.48765432098765427 0.7962962962962963 0.5 0.8055555555555556 0.5925925925925926 0.8055555555555556 0.611111111111111 0.787037037037037 0.6234567901234567 0.7407407407407407 0.6234567901234567 0.7037037037037036 0.6172839506172839 0.6944444444444444 0.6172839506172839 0.6666666666666666 0.5864197530864197 0.611111111111111 0.5740740740740741 0.6018518518518519 0.5123456790123456 0.6018518518518519 0.49382716049382713 0.611111111111111 0.47530864197530864 0.6388888888888888 0.47530864197530864 0.6481481481481481 0.46296296296296297 0.6666666666666666
2 0.6358024691358024 0.7037037037037036 0.654320987654321 0.7592592592592593 0.6604938271604939 0.7592592592592593 0.6728395061728395 0.7777777777777778 0.7222222222222221 0.7685185185185185 0.7345679012345678 0.7592592592592593 0.7592592592592593 0.7222222222222221 0.7530864197530864 0.6481481481481481 0.7407407407407407 0.611111111111111 0.728395061728395 0.5925925925925926 0.7037037037037036 0.5740740740740741 0.6975308641975309 0.5833333333333333 0.6666666666666666 0.5833333333333333 0.6419753086419753 0.611111111111111 0.6358024691358024 0.611111111111111 0.6296296296296295 0.6296296296296295 0.6358024691358024 0.7037037037037036
2 0.5987654320987654 0.4722222222222222 0.611111111111111 0.5092592592592593 0.6419753086419753 0.5555555555555556 0.654320987654321 0.5648148148148148 0.7037037037037036 0.5648148148148148 0.728395061728395 0.5277777777777778 0.7345679012345678 0.5 0.7345679012345678 0.4351851851851851 0.728395061728395 0.41666666666666663 0.6975308641975309 0.3888888888888889 0.691358024691358 0.37037037037037035 0.6790123456790124 0.36111111111111105 0.6419753086419753 0.36111111111111105 0.6296296296296295 0.37037037037037035 0.6049382716049382 0.40740740740740733 0.5987654320987654 0.4351851851851851 0.5987654320987654 0.4722222222222222
2 0.7222222222222221 0.5740740740740741 0.7530864197530864 0.6203703703703703 0.7716049382716049 0.7037037037037036 0.7839506172839505 0.7037037037037036 0.8086419753086419 0.6851851851851851 0.8209876543209876 0.6666666666666666 0.8209876543209876 0.6388888888888888 0.8271604938271604 0.6296296296296295 0.8271604938271604 0.5648148148148148 0.8209876543209876 0.5462962962962963 0.7901234567901234 0.5092592592592593 0.7654320987654321 0.49074074074074076 0.7469135802469136 0.49074074074074076 0.7407407407407407 0.5 0.7222222222222221 0.5555555555555556 0.7222222222222221 0.5740740740740741
2 0.7469135802469136 0.4814814814814815 0.8024691358024691 0.5185185185185185 0.8148148148148147 0.5185185185185185 0.8148148148148147 0.46296296296296297 0.8086419753086419 0.4444444444444445 0.7901234567901234 0.41666666666666663 0.7654320987654321 0.39814814814814814 0.7469135802469136 0.39814814814814814 0.7345679012345678 0.40740740740740733 0.7469135802469136 0.4814814814814815
2 0.5864197530864197 0.3518518518518518 0.5987654320987654 0.39814814814814814 0.611111111111111 0.37962962962962965 0.6851851851851851 0.3518518518518518 0.7037037037037036 0.3518518518518518 0.7098765432098765 0.36111111111111105 0.7222222222222221 0.3518518518518518 0.7037037037037036 0.28703703703703703 0.6851851851851851 0.25925925925925924 0.6851851851851851 0.25 0.6604938271604939 0.23148148148148148 0.6234567901234567 0.23148148148148148 0.5925925925925926 0.25 0.5802469135802469 0.2685185185185185 0.5679012345679012 0.31481481481481477 0.5864197530864197 0.3518518518518518
2 0.4567901234567901 0.25 0.4691358024691358 0.28703703703703703 0.5432098765432098 0.2962962962962963 0.5555555555555556 0.3055555555555555 0.5740740740740741 0.2685185185185185 0.5740740740740741 0.24074074074074076 0.5617283950617284 0.20370370370370366 0.5308641975308641 0.1759259259259259 0.5061728395061728 0.1759259259259259 0.49382716049382713 0.18518518518518517 0.4567901234567901 0.22222222222222224 0.4567901234567901 0.25
2 0.345679012345679 0.3333333333333333 0.37037037037037035 0.3333333333333333 0.41975308641975306 0.37037037037037035 0.4259259259259259 0.37037037037037035 0.4259259259259259 0.36111111111111105 0.46296296296296297 0.3055555555555555 0.46296296296296297 0.28703703703703703 0.45061728395061723 0.25 0.41975308641975306 0.22222222222222224 0.3888888888888889 0.22222222222222224 0.3765432098765432 0.23148148148148148 0.345679012345679 0.2777777777777778 0.3333333333333333 0.32407407407407407 0.345679012345679 0.3333333333333333
2 0.16049382716049382 0.4444444444444445 0.16666666666666666 0.4537037037037037 0.24074074074074076 0.4444444444444445 0.24691358024691357 0.4537037037037037 0.25925925925925924 0.4351851851851851 0.25925925925925924 0.39814814814814814 0.24691358024691357 0.37962962962962965 0.20987654320987653 0.37962962962962965 0.1728395061728395 0.41666666666666663 0.1728395061728395 0.4259259259259259 0.16049382716049382 0.4444444444444445