2 0.19135802469135801 0.33333333333333337 0.22839506172839505 0.358974358974359 0.24074074074074076 0.358974358974359 0.25925925925925924 0.3504273504273504 0.2839506172839506 0.3247863247863248 0.2839506172839506 0.29914529914529914 0.29012345679012347 0.29059829059829057 0.29012345679012347 0.2393162393162393 0.2716049382716049 0.20512820512820512 0.2716049382716049 0.1965811965811966 0.25925925925925924 0.18803418803418803 0.20987654320987653 0.18803418803418803 0.17901234567901234 0.22222222222222224 0.1728395061728395 0.28205128205128205 0.19135802469135801 0.33333333333333337
2 0.19135802469135801 0.5213675213675214 0.24691358024691357 0.5213675213675214 0.2716049382716049 0.5042735042735043 0.2839506172839506 0.4871794871794872 0.29012345679012347 0.452991452991453 0.2839506172839506 0.4444444444444445 0.2839506172839506 0.4188034188034188 0.26543209876543206 0.38461538461538464 0.2530864197530864 0.37606837606837606 0.21604938271604937 0.37606837606837606 0.20370370370370366 0.3931623931623932 0.19753086419753085 0.3931623931623932 0.18518518518518517 0.4188034188034188 0.17901234567901234 0.4871794871794872 0.19135802469135801 0.5213675213675214
2 0.5123456790123456 0.5982905982905983 0.5185185185185185 0.6068376068376068 0.5185185185185185 0.6495726495726496 0.537037037037037 0.6752136752136753 0.5555555555555556 0.6837606837606838 0.5987654320987654 0.6666666666666667 0.6358024691358024 0.6153846153846154 0.6358024691358024 0.5641025641025641 0.611111111111111 0.5299145299145299 0.5679012345679012 0.5213675213675214 0.5493827160493827 0.5299145299145299 0.5185185185185185 0.5641025641025641 0.5185185185185185 0.5897435897435898 0.5123456790123456 0.5982905982905983
2 0.6481481481481481 0.6153846153846154 0.6604938271604939 0.6495726495726496 0.6666666666666666 0.6495726495726496 0.6790123456790124 0.6666666666666667 0.6975308641975309 0.6666666666666667 0.7037037037037036 0.6581196581196581 0.7345679012345678 0.6581196581196581 0.7592592592592593 0.6410256410256411 0.7592592592592593 0.6324786324786325 0.7716049382716049 0.6153846153846154 0.7716049382716049 0.5982905982905983 0.7407407407407407 0.5641025641025641 0.728395061728395 0.5213675213675214 0.7160493827160493 0.5042735042735043 0.691358024691358 0.5042735042735043 0.6666666666666666 0.5213675213675214 0.6481481481481481 0.5470085470085471 0.6481481481481481 0.6153846153846154
2 0.7345679012345678 0.5299145299145299 0.7407407407407407 0.5470085470085471 0.7839506172839505 0.5982905982905983 0.8209876543209876 0.5897435897435898 0.8395061728395061 0.5641025641025641 0.8518518518518517 0.5299145299145299 0.8518518518518517 0.49572649572649574 0.7962962962962963 0.43589743589743596 0.7592592592592593 0.43589743589743596 0.7469135802469136 0.452991452991453 0.7345679012345678 0.4871794871794872 0.7345679012345678 0.5299145299145299
2 0.6481481481481481 0.43589743589743596 0.654320987654321 0.452991452991453 0.6790123456790124 0.4871794871794872 0.7160493827160493 0.49572649572649574 0.728395061728395 0.4786324786324786 0.7407407407407407 0.4444444444444445 0.7345679012345678 0.4017094017094017 0.7037037037037036 0.358974358974359 0.6851851851851851 0.3504273504273504 0.6728395061728395 0.3504273504273504 0.654320987654321 0.36752136752136755 0.6481481481481481 0.38461538461538464 0.6481481481481481 0.43589743589743596
2 0.6604938271604939 0.29914529914529914 0.6851851851851851 0.3247863247863248 0.7222222222222221 0.33333333333333337 0.7469135802469136 0.27350427350427353 0.7407407407407407 0.23076923076923078 0.728395061728395 0.21367521367521367 0.691358024691358 0.21367521367521367 0.6666666666666666 0.2393162393162393 0.6604938271604939 0.25641025641025644 0.6604938271604939 0.29914529914529914
2 0.7407407407407407 0.36752136752136755 0.8086419753086419 0.41025641025641024 0.8271604938271604 0.41025641025641024 0.845679012345679 0.3931623931623932 0.8518518518518517 0.36752136752136755 0.8518518518518517 0.33333333333333337 0.8395061728395061 0.29914529914529914 0.8209876543209876 0.27350427350427353 0.7962962962962963 0.25641025641025644 0.7777777777777778 0.25641025641025644 0.7469135802469136 0.29059829059829057 0.7407407407407407 0.3076923076923077 0.7407407407407407 0.36752136752136755
2 0.6790123456790124 0.7777777777777778 0.6975308641975309 0.811965811965812 0.6975308641975309 0.8205128205128205 0.7098765432098765 0.8290598290598291 0.728395061728395 0.8290598290598291 0.7345679012345678 0.8376068376068376 0.7716049382716049 0.8290598290598291 0.8024691358024691 0.7948717948717949 0.8148148148148147 0.7606837606837608 0.8148148148148147 0.7094017094017094 0.8086419753086419 0.6923076923076923 0.7777777777777778 0.6581196581196581 0.7530864197530864 0.6581196581196581 0.7345679012345678 0.6666666666666667 0.7098765432098765 0.7008547008547008 0.6851851851851851 0.7094017094017094 0.6790123456790124 0.7264957264957265 0.6790123456790124 0.7777777777777778
2 0.5493827160493827 0.8205128205128205 0.5617283950617284 0.8290598290598291 0.5802469135802469 0.8290598290598291 0.5864197530864197 0.8376068376068376 0.5925925925925926 0.8290598290598291 0.6172839506172839 0.8290598290598291 0.6419753086419753 0.8034188034188035 0.6481481481481481 0.7777777777777778 0.6481481481481481 0.7350427350427351 0.6419753086419753 0.7350427350427351 0.6358024691358024 0.7094017094017094 0.6234567901234567 0.6923076923076923 0.5925925925925926 0.7264957264957265 0.5864197530864197 0.7264957264957265 0.5740740740740741 0.7094017094017094 0.5740740740740741 0.6923076923076923 0.5555555555555556 0.6923076923076923 0.5432098765432098 0.7094017094017094 0.537037037037037 0.8034188034188035 0.5493827160493827 0.8205128205128205
2 0.14814814814814814 0.7692307692307693 0.16049382716049382 0.8034188034188035 0.18518518518518517 0.8290598290598291 0.21604938271604937 0.8290598290598291 0.22839506172839505 0.8205128205128205 0.2345679012345679 0.811965811965812 0.22839506172839505 0.7777777777777778 0.22839506172839505 0.6923076923076923 0.24074074074074076 0.6581196581196581 0.18518518518518517 0.6410256410256411 0.1728395061728395 0.6495726495726496 0.15432098765432098 0.6837606837606838 0.14814814814814814 0.7094017094017094 0.14814814814814814 0.7692307692307693
2 0.012345679012345678 0.888888888888889 0.018518518518518517 0.905982905982906 0.043209876543209874 0.9401709401709402 0.05555555555555556 0.9487179487179487 0.09876543209876543 0.9487179487179487 0.12345679012345678 0.9316239316239316 0.13580246913580246 0.8974358974358975 0.13580246913580246 0.8547008547008547 0.12345679012345678 0.811965811965812 0.11111111111111112 0.7948717948717949 0.09259259259259259 0.7863247863247864 0.037037037037037035 0.7863247863247864 0.012345679012345678 0.8205128205128205 0.012345679012345678 0.888888888888889