0 0.05625 0.0859375 0.1109375 0.0859375 0.1125 0.09375 0.128125 0.09375 0.128125 0.1015625 0.134375 0.103125 0.134375 0.1171875 0.140625 0.11875 0.140625 0.1265625 0.146875 0.128125 0.1484375 0.1359375 0.153125 0.1359375 0.153125 0.1515625 0.159375 0.153125 0.159375 0.1859375 0.165625 0.1875 0.165625 0.2359375 0.159375 0.2375 0.159375 0.253125 0.153125 0.2546875 0.153125 0.2703125 0.1484375 0.2703125 0.146875 0.278125 0.140625 0.2796875 0.140625 0.2875 0.1296875 0.2875 0.128125 0.2953125 0.11875 0.2953125 0.1171875 0.3046875 0.0625 0.3046875 0.0609375 0.2953125 0.05 0.2953125 0.05 0.2890625 0.04375 0.2875 0.04375 0.2796875 0.0375 0.278125 0.0375 0.271875 0.03125 0.2703125 0.0296875 0.2625 0.025 0.2625 0.025 0.2546875 0.01875 0.253125 0.01875 0.2375 0.0125 0.2359375 0.0125 0.221875 0.00625 0.2203125 0.00625 0.1625 0.0125 0.1609375 0.0125 0.1359375 0.0171875 0.1359375 0.01875 0.128125 0.025 0.1265625 0.025 0.11875 0.03125 0.1171875 0.03125 0.1109375 0.0375 0.109375 0.0375 0.103125 0.04375 0.1015625 0.04375 0.09375 0.0546875 0.09375 0.05625 0.0875
0 0 0 0.0421875 0 0.0421875 0.05 0.0359375 0.0515625 0.0359375 0.075 0.0296875 0.0765625 0.0296875 0.0921875 0.0234375 0.09375 0.0234375 0.1015625 0.0171875 0.103125 0.0171875 0.109375 0 0.109375 0 0.0015625
0 0.5875 0.7640625 0.634375 0.7640625 0.634375 0.7703125 0.640625 0.771875 0.640625 0.778125 0.653125 0.7796875 0.653125 0.7875 0.659375 0.7890625 0.659375 0.7953125 0.665625 0.796875 0.665625 0.8046875 0.671875 0.80625 0.671875 0.8125 0.678125 0.8140625 0.678125 0.821875 0.684375 0.8234375 0.684375 0.8890625 0.678125 0.890625 0.678125 0.9140625 0.6734375 0.9140625 0.671875 0.9234375 0.665625 0.925 0.665625 0.940625 0.659375 0.9421875 0.659375 0.9484375 0.6484375 0.9484375 0.646875 0.95625 0.640625 0.9578125 0.640625 0.965625 0.6296875 0.965625 0.628125 0.9734375 0.6 0.9734375 0.6 0.9671875 0.59375 0.965625 0.59375 0.9578125 0.58125 0.95625 0.58125 0.95 0.575 0.9484375 0.5734375 0.940625 0.56875 0.940625 0.56875 0.9328125 0.55625 0.93125 0.55625 0.925 0.55 0.9234375 0.55 0.915625 0.54375 0.9140625 0.54375 0.9078125 0.5375 0.90625 0.5375 0.8984375 0.53125 0.896875 0.53125 0.83125 0.5375 0.8296875 0.5375 0.8140625 0.5421875 0.8140625 0.54375 0.80625 0.55 0.8046875 0.55 0.796875 0.55625 0.7953125 0.55625 0.7890625 0.5671875 0.7890625 0.56875 0.7796875 0.575 0.778125 0.575 0.771875 0.5859375 0.771875 0.5875 0.765625
0 0.1484375 0 0.2890625 0 0.2890625 0.0078125 0.2828125 0.009375 0.2828125 0.0328125 0.2765625 0.034375 0.2765625 0.0578125 0.2703125 0.059375 0.2703125 0.075 0.2640625 0.0765625 0.2640625 0.0921875 0.2578125 0.09375 0.2578125 0.1015625 0.2515625 0.103125 0.2515625 0.109375 0.246875 0.1109375 0.246875 0.1171875 0.1859375 0.1171875 0.1859375 0.1109375 0.1796875 0.109375 0.178125 0.1015625 0.1734375 0.1015625 0.1734375 0.09375 0.1671875 0.0921875 0.1671875 0.0765625 0.1609375 0.075 0.1609375 0.059375 0.1546875 0.0578125 0.1546875 0.034375 0.1484375 0.0328125 0.1484375 0.0015625
0 0.1484375 0.271875 0.159375 0.271875 0.159375 0.278125 0.165625 0.2796875 0.165625 0.2875 0.171875 0.2890625 0.171875 0.3375 0.165625 0.3390625 0.165625 0.3890625 0.171875 0.390625 0.171875 0.40625 0.178125 0.4078125 0.178125 0.43125 0.171875 0.4328125 0.171875 0.440625 0.1609375 0.440625 0.159375 0.4484375 0.1359375 0.4484375 0.134375 0.45625 0.09375 0.45625 0.0921875 0.4484375 0.06875 0.4484375 0.06875 0.4421875 0.0625 0.440625 0.0625 0.390625 0.05625 0.3890625 0.05625 0.3484375 0.05 0.346875 0.05 0.30625 0.1234375 0.30625 0.125 0.296875 0.134375 0.296875 0.1359375 0.2890625 0.1421875 0.2875 0.1421875 0.2796875 0.146875 0.2796875 0.1484375 0.2734375
0 0.771875 0.425 0.8078125 0.425 0.8078125 0.43125 0.8140625 0.4328125 0.8140625 0.440625 0.8203125 0.4421875 0.821875 0.45 0.8265625 0.45 0.8265625 0.465625 0.8328125 0.4671875 0.8328125 0.490625 0.8390625 0.4921875 0.8390625 0.5078125 0.8453125 0.509375 0.8453125 0.525 0.8515625 0.5265625 0.8515625 0.55 0.8453125 0.5515625 0.8453125 0.5671875 0.8390625 0.56875 0.8390625 0.584375 0.834375 0.584375 0.8328125 0.5921875 0.8265625 0.59375 0.8265625 0.6015625 0.815625 0.6015625 0.8140625 0.609375 0.8015625 0.6109375 0.8015625 0.6171875 0.7359375 0.6171875 0.734375 0.609375 0.7234375 0.609375 0.7234375 0.59375 0.7171875 0.5921875 0.715625 0.584375 0.7109375 0.584375 0.7109375 0.559375 0.7046875 0.5578125 0.7046875 0.534375 0.6984375 0.5328125 0.6984375 0.509375 0.7046875 0.5078125 0.7046875 0.4921875 0.7109375 0.490625 0.7109375 0.475 0.715625 0.475 0.7171875 0.4671875 0.7234375 0.465625 0.7234375 0.4578125 0.7296875 0.45625 0.7296875 0.45 0.7359375 0.4484375 0.7359375 0.4421875 0.746875 0.4421875 0.7484375 0.4328125 0.7703125 0.4328125 0.771875 0.4265625
0 0.1734375 0.11875 0.246875 0.11875 0.246875 0.1265625 0.2515625 0.128125 0.2515625 0.134375 0.2640625 0.1359375 0.2640625 0.14375 0.2703125 0.1453125 0.2703125 0.1609375 0.2765625 0.1625 0.2765625 0.2359375 0.271875 0.2359375 0.2703125 0.2453125 0.2640625 0.246875 0.2640625 0.2625 0.2046875 0.2625 0.203125 0.2703125 0.1734375 0.2703125 0.1734375 0.2640625 0.1671875 0.2625 0.1671875 0.1703125 0.1609375 0.16875 0.1609375 0.1359375 0.1671875 0.134375 0.1671875 0.128125 0.1734375 0.1265625 0.1734375 0.1203125
0 0 0.3140625 0.0234375 0.3140625 0.025 0.3234375 0.0359375 0.3234375 0.0359375 0.3296875 0.0421875 0.33125 0.0421875 0.346875 0.0484375 0.3484375 0.0484375 0.371875 0.0546875 0.3734375 0.0546875 0.4484375 0.05 0.4484375 0.0484375 0.45625 0.0421875 0.4578125 0.0421875 0.465625 0.03125 0.465625 0.0296875 0.4734375 0.0125 0.4734375 0.0109375 0.4828125 0 0.4828125 0 0.315625
0 0.05 0 0.146875 0 0.146875 0.05 0.153125 0.0515625 0.153125 0.075 0.159375 0.0765625 0.159375 0.109375 0.153125 0.1109375 0.153125 0.1171875 0.1421875 0.1171875 0.1421875 0.1109375 0.1359375 0.109375 0.134375 0.1015625 0.1296875 0.1015625 0.1296875 0.09375 0.11875 0.0921875 0.1171875 0.084375 0.09375 0.084375 0.0921875 0.075 0.075 0.075 0.0734375 0.084375 0.04375 0.084375 0.04375 0.0265625 0.05 0.025 0.05 0.0015625
0 0.834375 0.678125 0.9 0.678125 0.9015625 0.6875 0.9125 0.6875 0.9125 0.69375 0.91875 0.6953125 0.91875 0.7109375 0.925 0.7125 0.9265625 0.721875 0.93125 0.721875 0.93125 0.7953125 0.925 0.796875 0.925 0.821875 0.91875 0.8234375 0.91875 0.8296875 0.9125 0.83125 0.9125 0.8375 0.9015625 0.8375 0.9 0.846875 0.846875 0.846875 0.8453125 0.8375 0.834375 0.8375 0.834375 0.8234375 0.821875 0.821875 0.821875 0.8140625 0.815625 0.8125 0.815625 0.796875 0.809375 0.7953125 0.809375 0.771875 0.803125 0.7703125 0.803125 0.746875 0.809375 0.7453125 0.809375 0.721875 0.815625 0.7203125 0.815625 0.7046875 0.821875 0.703125 0.821875 0.6953125 0.828125 0.69375 0.828125 0.6875 0.834375 0.6859375 0.834375 0.6796875
0 0.2234375 0.2640625 0.246875 0.2640625 0.2484375 0.271875 0.2828125 0.271875 0.2828125 0.278125 0.2890625 0.2796875 0.2890625 0.2875 0.2953125 0.2890625 0.2953125 0.3046875 0.3015625 0.30625 0.3015625 0.3890625 0.2953125 0.390625 0.2953125 0.4140625 0.290625 0.4140625 0.2890625 0.4234375 0.284375 0.4234375 0.2828125 0.43125 0.2765625 0.4328125 0.2765625 0.440625 0.2296875 0.440625 0.2296875 0.4328125 0.2171875 0.43125 0.215625 0.4234375 0.1859375 0.4234375 0.1859375 0.415625 0.1796875 0.4140625 0.178125 0.40625 0.1734375 0.40625 0.1734375 0.3828125 0.1671875 0.38125 0.1671875 0.3484375 0.1734375 0.346875 0.1734375 0.3140625 0.178125 0.3140625 0.1796875 0.30625 0.1859375 0.3046875 0.1859375 0.2890625 0.1921875 0.2875 0.1921875 0.2796875 0.203125 0.2796875 0.2046875 0.271875 0.221875 0.271875 0.2234375 0.265625
0 0 0.1953125 0.0046875 0.1953125 0.0046875 0.2203125 0.0109375 0.221875 0.0109375 0.2453125 0.0171875 0.246875 0.01875 0.2546875 0.0234375 0.2546875 0.0234375 0.2703125 0.0296875 0.271875 0.03125 0.2796875 0.0359375 0.2796875 0.0359375 0.2875 0.03125 0.2875 0.0296875 0.2953125 0.0234375 0.296875 0.0234375 0.3046875 0 0.3046875 0 0.196875