1 0.4421875 0.715625 0.49375 0.715625 0.4953125 0.721875 0.546875 0.721875 0.5484375 0.7296875 0.5578125 0.7296875 0.559375 0.7359375 0.56875 0.7359375 0.56875 0.7640625 0.4953125 0.7640625 0.49375 0.75625 0.4625 0.75625 0.4609375 0.7484375 0.453125 0.7484375 0.4515625 0.7421875 0.4421875 0.7421875 0.4421875 0.7171875
1 0.334375 0.7859375 0.34375 0.7859375 0.34375 0.7921875 0.3546875 0.79375 0.35625 0.8 0.375 0.8 0.3765625 0.8078125 0.396875 0.8078125 0.3984375 0.815625 0.4296875 0.815625 0.43125 0.821875 0.4515625 0.821875 0.4515625 0.8484375 0.3875 0.8484375 0.3859375 0.8421875 0.3453125 0.8421875 0.34375 0.834375 0.3234375 0.834375 0.321875 0.828125 0.3125 0.828125 0.3125 0.8 0.321875 0.8 0.3234375 0.79375 0.3328125 0.79375 0.334375 0.7875
1 0.9046875 0.8078125 0.9671875 0.8078125 0.96875 0.815625 0.978125 0.815625 0.9796875 0.8078125 0.9890625 0.8078125 0.990625 0.815625 0.9984375 0.815625 0.9984375 0.8421875 0.9796875 0.8421875 0.978125 0.8484375 0.9140625 0.8484375 0.9125 0.8421875 0.8828125 0.8421875 0.8828125 0.8296875 0.871875 0.828125 0.871875 0.815625 0.903125 0.815625 0.9046875 0.809375
1 0.3015625 0.865625 0.3109375 0.865625 0.3109375 0.884375 0.3125 0.8859375 0.396875 0.8859375 0.3984375 0.8796875 0.440625 0.8796875 0.4421875 0.871875 0.4515625 0.871875 0.4515625 0.884375 0.4609375 0.8859375 0.4609375 0.8984375 0.453125 0.8984375 0.4515625 0.90625 0.4421875 0.90625 0.440625 0.9140625 0.4203125 0.9140625 0.41875 0.9203125 0.3453125 0.9203125 0.34375 0.9140625 0.3125 0.9140625 0.3125 0.9 0.3015625 0.8984375 0.3015625 0.8671875
1 0.6140625 0.7796875 0.64375 0.7796875 0.64375 0.7921875 0.6546875 0.79375 0.6546875 0.7984375 0.64375 0.8 0.64375 0.8140625 0.6359375 0.8140625 0.634375 0.8203125 0.625 0.8203125 0.6234375 0.828125 0.5484375 0.828125 0.5484375 0.815625 0.5578125 0.815625 0.559375 0.8078125 0.56875 0.8078125 0.5703125 0.79375 0.590625 0.79375 0.5921875 0.7859375 0.6125 0.7859375 0.6140625 0.78125
1 0.3234375 0.7359375 0.3328125 0.7359375 0.334375 0.74375 0.34375 0.74375 0.34375 0.7703125 0.334375 0.7703125 0.3328125 0.784375 0.3234375 0.784375 0.321875 0.7921875 0.3109375 0.79375 0.3109375 0.80625 0.290625 0.80625 0.2890625 0.8140625 0.2796875 0.8140625 0.278125 0.8203125 0.2703125 0.8203125 0.26875 0.834375 0.259375 0.834375 0.2578125 0.8421875 0.2265625 0.8421875 0.225 0.834375 0.215625 0.834375 0.215625 0.815625 0.2046875 0.8140625 0.2046875 0.8 0.2140625 0.8 0.215625 0.79375 0.225 0.79375 0.2265625 0.7859375 0.246875 0.7859375 0.2484375 0.7796875 0.259375 0.778125 0.259375 0.771875 0.26875 0.771875 0.2703125 0.765625 0.278125 0.765625 0.2796875 0.7578125 0.2890625 0.7578125 0.290625 0.75 0.3 0.75 0.3015625 0.74375 0.321875 0.74375 0.3234375 0.7375
1 0.3875 0.75 0.440625 0.75 0.4421875 0.7578125 0.4609375 0.7578125 0.4625 0.765625 0.471875 0.765625 0.4734375 0.771875 0.4828125 0.771875 0.484375 0.7859375 0.49375 0.7859375 0.49375 0.8140625 0.4734375 0.8140625 0.471875 0.8203125 0.4609375 0.821875 0.4609375 0.828125 0.4421875 0.828125 0.4421875 0.821875 0.43125 0.8203125 0.4296875 0.8140625 0.3984375 0.8140625 0.396875 0.80625 0.3765625 0.80625 0.375 0.7984375 0.365625 0.7984375 0.3640625 0.784375 0.35625 0.784375 0.3546875 0.778125 0.3453125 0.778125 0.3453125 0.771875 0.35625 0.7703125 0.35625 0.7578125 0.3859375 0.7578125 0.3875 0.7515625
1 0.334375 0.85 0.440625 0.85 0.440625 0.8640625 0.4515625 0.865625 0.4515625 0.8703125 0.440625 0.871875 0.440625 0.878125 0.409375 0.878125 0.4078125 0.884375 0.3125 0.884375 0.3109375 0.878125 0.3015625 0.878125 0.3015625 0.865625 0.3109375 0.865625 0.3125 0.8578125 0.3328125 0.8578125 0.334375 0.8515625
1 0.925 0.771875 0.9453125 0.771875 0.946875 0.7796875 0.9984375 0.7796875 0.9984375 0.7984375 0.990625 0.7984375 0.9890625 0.80625 0.946875 0.80625 0.9453125 0.8140625 0.9359375 0.8140625 0.934375 0.80625 0.925 0.80625 0.9234375 0.8140625 0.8828125 0.8140625 0.88125 0.80625 0.871875 0.80625 0.871875 0.8 0.8609375 0.7984375 0.8609375 0.79375 0.8703125 0.79375 0.871875 0.7859375 0.8921875 0.7859375 0.89375 0.7796875 0.9234375 0.7796875 0.925 0.7734375
1 0.6359375 0.715625 0.64375 0.715625 0.6453125 0.721875 0.6765625 0.721875 0.678125 0.715625 0.6984375 0.715625 0.7 0.721875 0.709375 0.721875 0.709375 0.728125 0.6984375 0.7296875 0.6984375 0.7421875 0.6890625 0.7421875 0.6875 0.7484375 0.678125 0.7484375 0.6765625 0.75625 0.665625 0.7578125 0.665625 0.7640625 0.6453125 0.7640625 0.64375 0.7703125 0.6140625 0.7703125 0.6125 0.778125 0.5921875 0.778125 0.590625 0.7703125 0.58125 0.7703125 0.58125 0.74375 0.590625 0.74375 0.5921875 0.7359375 0.6125 0.7359375 0.6140625 0.7296875 0.634375 0.7296875 0.6359375 0.7171875
1 0.6671875 0.821875 0.740625 0.821875 0.7421875 0.8296875 0.784375 0.8296875 0.784375 0.85625 0.775 0.85625 0.7734375 0.8640625 0.7640625 0.8640625 0.7625 0.8703125 0.721875 0.8703125 0.7203125 0.878125 0.7 0.878125 0.6984375 0.8703125 0.678125 0.8703125 0.678125 0.8359375 0.6671875 0.834375 0.6671875 0.8234375
1 0.0875 0.79375 0.1390625 0.79375 0.1390625 0.834375 0.11875 0.834375 0.1171875 0.8421875 0.096875 0.8421875 0.0953125 0.8484375 0.04375 0.8484375 0.0421875 0.85625 0.0328125 0.85625 0.03125 0.8484375 0.021875 0.8484375 0.021875 0.8296875 0.03125 0.8296875 0.0328125 0.821875 0.0421875 0.821875 0.04375 0.815625 0.053125 0.815625 0.0546875 0.8078125 0.065625 0.80625 0.065625 0.8 0.0859375 0.8 0.0875 0.7953125
1 0.58125 0.821875 0.6015625 0.821875 0.603125 0.8296875 0.665625 0.8296875 0.6671875 0.8359375 0.6765625 0.8359375 0.6765625 0.8640625 0.6671875 0.8640625 0.665625 0.8703125 0.65625 0.8703125 0.6546875 0.8640625 0.6453125 0.8640625 0.64375 0.8703125 0.625 0.8703125 0.6234375 0.8640625 0.559375 0.8640625 0.5578125 0.85625 0.5484375 0.85625 0.5484375 0.8359375 0.5578125 0.8359375 0.559375 0.8296875 0.5796875 0.8296875 0.58125 0.8234375