1 0.590625 0.221875 0.628125 0.221875 0.628125 0.2421875 0.6375 0.24375 0.6375 0.284375 0.6296875 0.284375 0.628125 0.2921875 0.6 0.2921875 0.5984375 0.2984375 0.5890625 0.3 0.5890625 0.30625 0.58125 0.30625 0.58125 0.271875 0.571875 0.2703125 0.571875 0.24375 0.58125 0.2421875 0.58125 0.2296875 0.5890625 0.2296875 0.590625 0.2234375
1 0.4484375 0.5859375 0.45625 0.5859375 0.4578125 0.59375 0.475 0.59375 0.475 0.60625 0.484375 0.6078125 0.4859375 0.615625 0.49375 0.615625 0.4953125 0.6296875 0.5046875 0.6296875 0.5046875 0.65625 0.4671875 0.65625 0.465625 0.6484375 0.4578125 0.6484375 0.45625 0.6421875 0.4484375 0.6421875 0.446875 0.634375 0.4390625 0.634375 0.4375 0.6203125 0.4296875 0.6203125 0.4296875 0.6 0.4375 0.6 0.4390625 0.59375 0.4484375 0.5921875 0.4484375 0.5875
1 0.534375 0.25 0.5609375 0.25 0.5625 0.2578125 0.5703125 0.2578125 0.5703125 0.2703125 0.5796875 0.271875 0.5796875 0.3140625 0.5703125 0.315625 0.5703125 0.328125 0.553125 0.328125 0.5515625 0.334375 0.54375 0.334375 0.5421875 0.328125 0.534375 0.328125 0.534375 0.29375 0.525 0.2921875 0.525 0.265625 0.534375 0.2640625 0.534375 0.2515625
1 0.58125 0.3296875 0.5890625 0.3296875 0.590625 0.3359375 0.609375 0.3359375 0.609375 0.3921875 0.5984375 0.39375 0.5984375 0.40625 0.58125 0.40625 0.5796875 0.3984375 0.571875 0.3984375 0.571875 0.3859375 0.5625 0.384375 0.5625 0.34375 0.5703125 0.34375 0.571875 0.3359375 0.5796875 0.3359375 0.58125 0.33125
1 0.4 0.5359375 0.4375 0.5359375 0.4390625 0.54375 0.446875 0.54375 0.446875 0.5921875 0.4203125 0.5921875 0.41875 0.584375 0.4109375 0.584375 0.4109375 0.571875 0.4 0.5703125 0.4 0.5375
1 0.4859375 0.4859375 0.5140625 0.4859375 0.515625 0.49375 0.5234375 0.49375 0.5234375 0.534375 0.5140625 0.5359375 0.5140625 0.5484375 0.4953125 0.5484375 0.49375 0.5421875 0.4765625 0.5421875 0.4765625 0.49375 0.484375 0.49375 0.4859375 0.4875
1 0.58125 0.1359375 0.5984375 0.1359375 0.6 0.14375 0.609375 0.14375 0.6109375 0.15 0.61875 0.15 0.61875 0.1703125 0.628125 0.171875 0.628125 0.178125 0.61875 0.1796875 0.61875 0.20625 0.6109375 0.20625 0.609375 0.2140625 0.590625 0.2140625 0.5890625 0.20625 0.58125 0.20625 0.5796875 0.1984375 0.571875 0.1984375 0.571875 0.14375 0.5796875 0.14375 0.58125 0.1375
1 0.4578125 0.24375 0.484375 0.24375 0.4859375 0.25 0.5046875 0.25 0.50625 0.2578125 0.5140625 0.2578125 0.5140625 0.3203125 0.50625 0.3203125 0.5046875 0.328125 0.4859375 0.328125 0.484375 0.3203125 0.4765625 0.3203125 0.4765625 0.3078125 0.4671875 0.30625 0.4671875 0.29375 0.4578125 0.2921875 0.4578125 0.2453125
1 0.371875 0.59375 0.3984375 0.59375 0.4 0.6 0.41875 0.6 0.4203125 0.6078125 0.428125 0.6078125 0.428125 0.6203125 0.4375 0.621875 0.4375 0.634375 0.446875 0.6359375 0.446875 0.6484375 0.45625 0.65 0.45625 0.65625 0.4203125 0.65625 0.41875 0.6484375 0.4 0.6484375 0.3984375 0.6421875 0.390625 0.6421875 0.3890625 0.634375 0.38125 0.634375 0.3796875 0.628125 0.371875 0.628125 0.371875 0.5953125
1 0.4296875 0.715625 0.475 0.715625 0.4765625 0.721875 0.484375 0.721875 0.484375 0.7421875 0.4765625 0.7421875 0.475 0.7484375 0.4578125 0.7484375 0.45625 0.75625 0.4109375 0.75625 0.409375 0.7484375 0.4 0.7484375 0.4 0.7359375 0.409375 0.7359375 0.4109375 0.7296875 0.41875 0.7296875 0.4203125 0.721875 0.428125 0.721875 0.4296875 0.7171875
1 0.4203125 0.25 0.4375 0.25 0.4390625 0.2578125 0.446875 0.2578125 0.446875 0.284375 0.45625 0.2859375 0.45625 0.3140625 0.465625 0.315625 0.465625 0.328125 0.4296875 0.328125 0.428125 0.3203125 0.4203125 0.3203125 0.41875 0.3140625 0.4109375 0.3140625 0.4109375 0.29375 0.4 0.2921875 0.4 0.265625 0.409375 0.265625 0.4109375 0.2578125 0.41875 0.2578125 0.4203125 0.2515625
1 0.4765625 0.365625 0.5046875 0.365625 0.50625 0.371875 0.5140625 0.371875 0.5140625 0.4203125 0.50625 0.4203125 0.5046875 0.428125 0.4953125 0.428125 0.49375 0.434375 0.4859375 0.434375 0.484375 0.428125 0.4765625 0.428125 0.4765625 0.415625 0.4671875 0.4140625 0.4671875 0.371875 0.475 0.371875 0.4765625 0.3671875
1 0.4484375 0.54375 0.49375 0.54375 0.49375 0.55625 0.5046875 0.5578125 0.5046875 0.5703125 0.5140625 0.571875 0.5140625 0.584375 0.50625 0.584375 0.5046875 0.5921875 0.4953125 0.5921875 0.49375 0.5984375 0.4859375 0.5984375 0.484375 0.5921875 0.4671875 0.5921875 0.465625 0.584375 0.4578125 0.584375 0.4578125 0.571875 0.4484375 0.5703125 0.4484375 0.5453125
1 0.515625 0.5859375 0.5609375 0.5859375 0.5609375 0.634375 0.553125 0.634375 0.5515625 0.6421875 0.525 0.6421875 0.5234375 0.634375 0.515625 0.634375 0.515625 0.5875
1 0.50625 0.115625 0.5328125 0.115625 0.5328125 0.134375 0.5421875 0.1359375 0.5421875 0.1484375 0.5328125 0.15 0.534375 0.1578125 0.5421875 0.1578125 0.5421875 0.1640625 0.5328125 0.165625 0.5328125 0.178125 0.515625 0.178125 0.5140625 0.184375 0.4953125 0.184375 0.49375 0.1921875 0.4859375 0.1921875 0.484375 0.184375 0.4765625 0.184375 0.4765625 0.171875 0.4859375 0.1703125 0.4859375 0.14375 0.4953125 0.1421875 0.4953125 0.121875 0.5046875 0.121875 0.50625 0.1171875