2 0.2839506172839506 0.12962962962962962 0.29012345679012347 0.1388888888888889 0.29012345679012347 0.16666666666666666 0.32098765432098764 0.23148148148148148 0.3518518518518518 0.23148148148148148 0.3765432098765432 0.25 0.4135802469135802 0.25 0.4259259259259259 0.24074074074074076 0.43209876543209874 0.22222222222222224 0.4382716049382716 0.22222222222222224 0.4567901234567901 0.16666666666666666 0.4567901234567901 0.09259259259259259 0.4382716049382716 0.037037037037037035 0.4259259259259259 0.018518518518518517 0.4135802469135802 0.009259259259259259 0.3333333333333333 0.009259259259259259 0.32098765432098764 0.018518518518518517 0.2962962962962963 0.05555555555555556 0.29012345679012347 0.07407407407407407 0.29012345679012347 0.12037037037037038 0.2839506172839506 0.12962962962962962
2 0.1419753086419753 0.25925925925925924 0.15432098765432098 0.2962962962962963 0.19135802469135801 0.2962962962962963 0.22839506172839505 0.32407407407407407 0.24074074074074076 0.32407407407407407 0.24691358024691357 0.2962962962962963 0.30864197530864196 0.25 0.30864197530864196 0.23148148148148148 0.2777777777777778 0.1759259259259259 0.26543209876543206 0.16666666666666666 0.24074074074074076 0.16666666666666666 0.2345679012345679 0.15740740740740738 0.22839506172839505 0.16666666666666666 0.19753086419753085 0.16666666666666666 0.18518518518518517 0.18518518518518517 0.15432098765432098 0.20370370370370366 0.14814814814814814 0.22222222222222224 0.14814814814814814 0.25 0.1419753086419753 0.25925925925925924
2 0.2530864197530864 0.36111111111111105 0.26543209876543206 0.3888888888888889 0.26543209876543206 0.41666666666666663 0.2716049382716049 0.4259259259259259 0.2777777777777778 0.4814814814814815 0.29012345679012347 0.5 0.3333333333333333 0.5185185185185185 0.35802469135802467 0.5185185185185185 0.41975308641975306 0.4351851851851851 0.43209876543209874 0.40740740740740733 0.4259259259259259 0.31481481481481477 0.4012345679012346 0.2777777777777778 0.3765432098765432 0.25925925925925924 0.35802469135802467 0.25925925925925924 0.3518518518518518 0.25 0.32098765432098764 0.25 0.2777777777777778 0.2777777777777778 0.25925925925925924 0.3055555555555555 0.2530864197530864 0.32407407407407407 0.2530864197530864 0.36111111111111105
2 0.37037037037037035 0.5648148148148148 0.3765432098765432 0.5740740740740741 0.3765432098765432 0.611111111111111 0.3950617283950617 0.6666666666666666 0.4135802469135802 0.6944444444444444 0.4382716049382716 0.7129629629629629 0.4691358024691358 0.7129629629629629 0.5 0.6759259259259258 0.5308641975308641 0.6666666666666666 0.5555555555555556 0.6203703703703703 0.5617283950617284 0.5648148148148148 0.5493827160493827 0.5277777777777778 0.5185185185185185 0.4722222222222222 0.4814814814814815 0.4444444444444445 0.4259259259259259 0.4444444444444445 0.4135802469135802 0.4537037037037037 0.38271604938271603 0.5 0.3765432098765432 0.5185185185185185 0.37037037037037035 0.5462962962962963 0.37037037037037035 0.5648148148148148
2 0.45061728395061723 0.4259259259259259 0.5123456790123456 0.4537037037037037 0.5617283950617284 0.537037037037037 0.5802469135802469 0.537037037037037 0.5925925925925926 0.5277777777777778 0.6049382716049382 0.5092592592592593 0.6172839506172839 0.4722222222222222 0.6172839506172839 0.4259259259259259 0.6049382716049382 0.3888888888888889 0.5802469135802469 0.34259259259259256 0.5432098765432098 0.32407407407407407 0.5123456790123456 0.32407407407407407 0.46296296296296297 0.36111111111111105 0.45061728395061723 0.3888888888888889 0.4444444444444445 0.41666666666666663 0.45061728395061723 0.4259259259259259
2 0.48765432098765427 0.21296296296296294 0.49382716049382713 0.24074074074074076 0.5246913580246912 0.2962962962962963 0.5617283950617284 0.32407407407407407 0.5987654320987654 0.32407407407407407 0.6419753086419753 0.2685185185185185 0.6604938271604939 0.21296296296296294 0.6604938271604939 0.19444444444444445 0.6481481481481481 0.15740740740740738 0.6172839506172839 0.11111111111111112 0.5740740740740741 0.07407407407407407 0.537037037037037 0.07407407407407407 0.5246913580246912 0.08333333333333333 0.49382716049382713 0.12962962962962962 0.48765432098765427 0.14814814814814814 0.48765432098765427 0.21296296296296294
2 0.6419753086419753 0.28703703703703703 0.5987654320987654 0.3333333333333333 0.5987654320987654 0.36111111111111105 0.611111111111111 0.37962962962962965 0.6234567901234567 0.41666666666666663 0.6234567901234567 0.4444444444444445 0.6296296296296295 0.4537037037037037 0.6666666666666666 0.4537037037037037 0.6790123456790124 0.4444444444444445 0.691358024691358 0.4259259259259259 0.7037037037037036 0.37037037037037035 0.7222222222222221 0.3333333333333333 0.7160493827160493 0.3055555555555555 0.6975308641975309 0.2777777777777778 0.6975308641975309 0.2685185185185185 0.6851851851851851 0.25 0.6604938271604939 0.24074074074074076 0.6419753086419753 0.2777777777777778 0.6419753086419753 0.28703703703703703
2 0.7345679012345678 0.31481481481481477 0.7962962962962963 0.31481481481481477 0.8024691358024691 0.3055555555555555 0.8333333333333333 0.3055555555555555 0.8518518518518517 0.2777777777777778 0.8518518518518517 0.2685185185185185 0.8703703703703702 0.23148148148148148 0.8703703703703702 0.19444444444444445 0.8641975308641975 0.16666666666666666 0.8518518518518517 0.12962962962962962 0.8395061728395061 0.11111111111111112 0.7839506172839505 0.09259259259259259 0.7469135802469136 0.09259259259259259 0.7345679012345678 0.11111111111111112 0.728395061728395 0.11111111111111112 0.6975308641975309 0.16666666666666666 0.691358024691358 0.22222222222222224 0.7345679012345678 0.31481481481481477
2 0.7037037037037036 0.4722222222222222 0.7098765432098765 0.49074074074074076 0.7222222222222221 0.5 0.7407407407407407 0.5 0.7592592592592593 0.46296296296296297 0.7592592592592593 0.4537037037037037 0.7901234567901234 0.41666666666666663 0.8395061728395061 0.41666666666666663 0.845679012345679 0.4259259259259259 0.8641975308641975 0.4259259259259259 0.8641975308641975 0.3888888888888889 0.8580246913580247 0.37037037037037035 0.8333333333333333 0.3333333333333333 0.8209876543209876 0.32407407407407407 0.7654320987654321 0.32407407407407407 0.7469135802469136 0.3333333333333333 0.7345679012345678 0.34259259259259256 0.7098765432098765 0.3888888888888889 0.7037037037037036 0.41666666666666663 0.7037037037037036 0.4722222222222222
2 0.7530864197530864 0.537037037037037 0.7654320987654321 0.5740740740740741 0.8148148148148147 0.6666666666666666 0.8333333333333333 0.6759259259259258 0.8641975308641975 0.6759259259259258 0.8765432098765432 0.6666666666666666 0.9012345679012345 0.6203703703703703 0.9012345679012345 0.5185185185185185 0.888888888888889 0.4814814814814815 0.8580246913580247 0.4351851851851851 0.8395061728395061 0.4259259259259259 0.7901234567901234 0.4259259259259259 0.7777777777777778 0.4351851851851851 0.7530864197530864 0.49074074074074076 0.7530864197530864 0.537037037037037
2 0.611111111111111 0.7685185185185185 0.654320987654321 0.8425925925925926 0.6666666666666666 0.8518518518518517 0.691358024691358 0.8518518518518517 0.6975308641975309 0.861111111111111 0.728395061728395 0.861111111111111 0.7654320987654321 0.8333333333333333 0.8024691358024691 0.7685185185185185 0.8024691358024691 0.6666666666666666 0.7901234567901234 0.6296296296296295 0.7592592592592593 0.5833333333333333 0.7345679012345678 0.5648148148148148 0.7037037037037036 0.5648148148148148 0.6975308641975309 0.5740740740740741 0.6604938271604939 0.5833333333333333 0.6172839506172839 0.6296296296296295 0.6049382716049382 0.6851851851851851 0.611111111111111 0.7685185185185185
2 0.5123456790123456 0.9259259259259259 0.5246913580246912 0.962962962962963 0.5432098765432098 0.962962962962963 0.5493827160493827 0.9722222222222221 0.5555555555555556 0.962962962962963 0.5864197530864197 0.962962962962963 0.6358024691358024 0.861111111111111 0.6296296296296295 0.8240740740740741 0.611111111111111 0.7962962962962963 0.5925925925925926 0.7129629629629629 0.5617283950617284 0.6851851851851851 0.5123456790123456 0.6851851851851851 0.4814814814814815 0.7129629629629629 0.4567901234567901 0.7592592592592593 0.45061728395061723 0.8240740740740741 0.5123456790123456 0.9259259259259259
2 0.22222222222222224 0.6481481481481481 0.2962962962962963 0.6851851851851851 0.3395061728395062 0.75 0.3395061728395062 0.7592592592592593 0.3518518518518518 0.7777777777777778 0.3641975308641975 0.7685185185185185 0.38271604938271603 0.7314814814814814 0.38271604938271603 0.6666666666666666 0.3518518518518518 0.5555555555555556 0.3333333333333333 0.5277777777777778 0.31481481481481477 0.5277777777777778 0.30864197530864196 0.5185185185185185 0.2839506172839506 0.5185185185185185 0.2716049382716049 0.5277777777777778 0.22222222222222224 0.6018518518518519 0.22222222222222224 0.6481481481481481
2 0.09259259259259259 0.5092592592592593 0.12345679012345678 0.5555555555555556 0.16049382716049382 0.5833333333333333 0.20987654320987653 0.5833333333333333 0.2345679012345679 0.5648148148148148 0.25925925925925924 0.5185185185185185 0.25925925925925924 0.49074074074074076 0.26543209876543206 0.4814814814814815 0.26543209876543206 0.46296296296296297 0.25925925925925924 0.4537037037037037 0.25925925925925924 0.41666666666666663 0.24691358024691357 0.37037037037037035 0.22839506172839505 0.34259259259259256 0.19753086419753085 0.32407407407407407 0.1728395061728395 0.32407407407407407 0.16666666666666666 0.31481481481481477 0.15432098765432098 0.31481481481481477 0.12962962962962962 0.3333333333333333 0.09876543209876543 0.37962962962962965 0.08641975308641975 0.41666666666666663 0.09259259259259259 0.5092592592592593
2 0.030864197530864196 0.75 0.043209876543209874 0.787037037037037 0.05555555555555556 0.8055555555555556 0.07407407407407407 0.8055555555555556 0.08024691358024691 0.8148148148148147 0.13580246913580246 0.8148148148148147 0.15432098765432098 0.7314814814814814 0.20987654320987653 0.6574074074074073 0.20370370370370366 0.6388888888888888 0.17901234567901234 0.6018518518518519 0.11728395061728394 0.5648148148148148 0.10493827160493827 0.5740740740740741 0.08024691358024691 0.5740740740740741 0.05555555555555556 0.5925925925925926 0.043209876543209874 0.611111111111111 0.030864197530864196 0.6481481481481481 0.030864197530864196 0.75
2 0.14814814814814814 0.7962962962962963 0.14814814814814814 0.8425925925925926 0.15432098765432098 0.8703703703703702 0.16666666666666666 0.9074074074074074 0.1728395061728395 0.9074074074074074 0.18518518518518517 0.9351851851851851 0.21604938271604937 0.962962962962963 0.2530864197530864 0.9722222222222221 0.25925925925925924 0.962962962962963 0.2962962962962963 0.9537037037037036 0.32098765432098764 0.9166666666666666 0.345679012345679 0.8518518518518517 0.345679012345679 0.7962962962962963 0.3395061728395062 0.7685185185185185 0.3024691358024691 0.7037037037037036 0.26543209876543206 0.6759259259259258 0.22222222222222224 0.6666666666666666 0.16666666666666666 0.7222222222222221 0.15432098765432098 0.7592592592592593 0.15432098765432098 0.787037037037037 0.14814814814814814 0.7962962962962963
2 0 0.9166666666666666 0 0.9907407407407407 0.19135802469135801 0.9907407407407407 0.19135802469135801 0.962962962962963 0.16049382716049382 0.9166666666666666 0.1419753086419753 0.8518518518518517 0.12962962962962962 0.8333333333333333 0.05555555555555556 0.8240740740740741 0.012345679012345678 0.888888888888889 0.012345679012345678 0.8981481481481481 0 0.9166666666666666
2 0.32098765432098764 0.9907407407407407 0.5123456790123456 0.9907407407407407 0.5 0.9166666666666666 0.45061728395061723 0.8425925925925926 0.4382716049382716 0.8333333333333333 0.3950617283950617 0.8333333333333333 0.3641975308641975 0.8518518518518517 0.345679012345679 0.8796296296296295 0.3395061728395062 0.9074074074074074 0.3271604938271605 0.9259259259259259 0.32098765432098764 0.9444444444444444 0.32098765432098764 0.9907407407407407
2 0.8024691358024691 0.9907407407407407 0.8024691358024691 0.962962962962963 0.7901234567901234 0.9166666666666666 0.7654320987654321 0.8796296296296295 0.7469135802469136 0.8703703703703702 0.654320987654321 0.8703703703703702 0.6296296296296295 0.888888888888889 0.611111111111111 0.9351851851851851 0.6049382716049382 0.9907407407407407 0.8024691358024691 0.9907407407407407
2 0.7962962962962963 0.9074074074074074 0.8086419753086419 0.9537037037037036 0.8209876543209876 0.9722222222222221 0.8395061728395061 0.9814814814814815 0.8703703703703702 0.9722222222222221 0.882716049382716 0.9537037037037036 0.888888888888889 0.9537037037037036 0.888888888888889 0.9444444444444444 0.9074074074074074 0.9074074074074074 0.9074074074074074 0.8055555555555556 0.9012345679012345 0.7962962962962963 0.9012345679012345 0.7592592592592593 0.8950617283950617 0.7314814814814814 0.8703703703703702 0.7037037037037036 0.8518518518518517 0.6944444444444444 0.8148148148148147 0.6944444444444444 0.7777777777777778 0.8333333333333333 0.7716049382716049 0.861111111111111 0.7962962962962963 0.9074074074074074
2 0.10493827160493827 0.046296296296296294 0.10493827160493827 0.09259259259259259 0.11111111111111112 0.10185185185185183 0.11728395061728394 0.15740740740740738 0.13580246913580246 0.18518518518518517 0.16666666666666666 0.18518518518518517 0.21604938271604937 0.1388888888888889 0.22222222222222224 0.12037037037037038 0.22222222222222224 0.07407407407407407 0.20987654320987653 0.037037037037037035 0.19135802469135801 0.009259259259259259 0.1728395061728395 0.009259259259259259 0.16666666666666666 0 0.16049382716049382 0.009259259259259259 0.12345679012345678 0.009259259259259259 0.11728395061728394 0.018518518518518517 0.11728395061728394 0.02777777777777778 0.10493827160493827 0.046296296296296294