0 0.2671875 0.715625 0.29375 0.715625 0.2953125 0.721875 0.3046875 0.721875 0.3046875 0.7421875 0.2578125 0.7421875 0.2578125 0.7296875 0.2671875 0.728125 0.2671875 0.7171875
0 0.18125 0.8359375 0.21875 0.8359375 0.2203125 0.84375 0.228125 0.84375 0.2296875 0.85 0.2375 0.85 0.2375 0.8921875 0.2203125 0.8921875 0.21875 0.8984375 0.18125 0.8984375 0.1796875 0.8921875 0.1625 0.8921875 0.1609375 0.884375 0.153125 0.884375 0.153125 0.8578125 0.1625 0.85625 0.1625 0.84375 0.1796875 0.84375 0.18125 0.8375
0 0.6765625 0.5859375 0.7046875 0.5859375 0.70625 0.59375 0.7234375 0.59375 0.7234375 0.6203125 0.7140625 0.621875 0.7140625 0.634375 0.70625 0.634375 0.7046875 0.6421875 0.6859375 0.6421875 0.6859375 0.621875 0.6765625 0.6203125 0.675 0.60625 0.6671875 0.60625 0.6671875 0.59375 0.675 0.59375 0.6765625 0.5875
0 0.5625 0.5796875 0.5984375 0.5796875 0.6 0.5859375 0.609375 0.5859375 0.6109375 0.59375 0.61875 0.59375 0.61875 0.60625 0.6109375 0.60625 0.609375 0.6140625 0.54375 0.6140625 0.54375 0.59375 0.5515625 0.59375 0.553125 0.5859375 0.5609375 0.5859375 0.5625 0.58125
0 0.515625 0.8796875 0.5515625 0.8796875 0.553125 0.8859375 0.5609375 0.8859375 0.5625 0.89375 0.5703125 0.89375 0.571875 0.9 0.5796875 0.9 0.5796875 0.928125 0.5703125 0.9296875 0.5703125 0.9421875 0.5625 0.9421875 0.5609375 0.9484375 0.54375 0.9484375 0.5421875 0.95625 0.515625 0.95625 0.5140625 0.9484375 0.50625 0.9484375 0.5046875 0.9421875 0.4953125 0.9421875 0.49375 0.928125 0.4859375 0.928125 0.4859375 0.9078125 0.49375 0.9078125 0.4953125 0.89375 0.5046875 0.89375 0.50625 0.8859375 0.5140625 0.8859375 0.515625 0.88125
0 0.6578125 0.6 0.665625 0.6 0.6671875 0.6078125 0.675 0.6078125 0.6765625 0.615625 0.684375 0.615625 0.684375 0.634375 0.6765625 0.634375 0.675 0.6421875 0.6671875 0.6421875 0.665625 0.6484375 0.6578125 0.6484375 0.65625 0.65625 0.6296875 0.65625 0.628125 0.6484375 0.6203125 0.6484375 0.61875 0.6421875 0.6109375 0.6421875 0.6109375 0.615625 0.61875 0.615625 0.6203125 0.6078125 0.65625 0.6078125 0.6578125 0.6015625
0 0.571875 0.6796875 0.61875 0.6796875 0.61875 0.70625 0.628125 0.7078125 0.628125 0.7140625 0.6203125 0.7140625 0.61875 0.7203125 0.6 0.7203125 0.5984375 0.7140625 0.571875 0.7140625 0.5703125 0.70625 0.553125 0.70625 0.553125 0.6859375 0.5703125 0.6859375 0.571875 0.68125
0 0.4953125 0.7859375 0.5328125 0.7859375 0.534375 0.79375 0.5421875 0.79375 0.54375 0.8 0.5515625 0.8 0.5515625 0.8140625 0.5609375 0.815625 0.5609375 0.828125 0.553125 0.828125 0.5515625 0.834375 0.54375 0.834375 0.5421875 0.8421875 0.4859375 0.8421875 0.484375 0.834375 0.4765625 0.834375 0.4765625 0.8 0.484375 0.8 0.4859375 0.79375 0.4953125 0.7921875 0.4953125 0.7875
0 0.4203125 0.7859375 0.45625 0.7859375 0.4578125 0.79375 0.465625 0.79375 0.465625 0.834375 0.4109375 0.834375 0.4109375 0.821875 0.4 0.8203125 0.4 0.8078125 0.409375 0.8078125 0.4109375 0.79375 0.41875 0.79375 0.4203125 0.7875
0 0.34375 0.59375 0.3890625 0.59375 0.390625 0.6 0.3984375 0.6 0.3984375 0.628125 0.390625 0.628125 0.3890625 0.634375 0.38125 0.634375 0.3796875 0.6421875 0.3625 0.6421875 0.3609375 0.634375 0.325 0.634375 0.325 0.6078125 0.3328125 0.6078125 0.334375 0.6 0.3421875 0.6 0.34375 0.5953125
0 0.6390625 0.665625 0.675 0.665625 0.6765625 0.671875 0.684375 0.671875 0.684375 0.7140625 0.6671875 0.7140625 0.665625 0.7203125 0.6296875 0.7203125 0.628125 0.7140625 0.6203125 0.7140625 0.6203125 0.6796875 0.628125 0.6796875 0.6296875 0.671875 0.6375 0.671875 0.6390625 0.6671875
0 0.7625 0.5859375 0.7984375 0.5859375 0.8 0.59375 0.809375 0.59375 0.8109375 0.6 0.81875 0.6 0.81875 0.6203125 0.790625 0.6203125 0.7890625 0.628125 0.78125 0.628125 0.7796875 0.634375 0.771875 0.634375 0.7703125 0.628125 0.7625 0.628125 0.7609375 0.6203125 0.753125 0.6203125 0.753125 0.59375 0.7609375 0.59375 0.7625 0.5875
0 0.2 0.6578125 0.246875 0.6578125 0.2484375 0.665625 0.25625 0.665625 0.25625 0.678125 0.2484375 0.678125 0.246875 0.684375 0.2 0.684375 0.1984375 0.6921875 0.190625 0.6921875 0.1890625 0.684375 0.18125 0.684375 0.18125 0.671875 0.1890625 0.671875 0.190625 0.665625 0.2 0.6640625 0.2 0.659375
0 0.4 0.6296875 0.41875 0.6296875 0.4203125 0.6359375 0.428125 0.6359375 0.428125 0.678125 0.4203125 0.678125 0.41875 0.684375 0.4 0.684375 0.3984375 0.678125 0.38125 0.678125 0.38125 0.665625 0.390625 0.6640625 0.390625 0.6359375 0.3984375 0.6359375 0.4 0.63125
0 0.790625 0.815625 0.828125 0.815625 0.8296875 0.821875 0.8375 0.821875 0.8390625 0.8296875 0.846875 0.8296875 0.846875 0.85625 0.8390625 0.85625 0.8375 0.8640625 0.8203125 0.8640625 0.81875 0.8703125 0.8109375 0.8703125 0.809375 0.8640625 0.790625 0.8640625 0.7890625 0.85625 0.78125 0.85625 0.7796875 0.8484375 0.771875 0.8484375 0.771875 0.821875 0.7890625 0.821875 0.790625 0.8171875
0 0.325 0.6296875 0.3515625 0.6296875 0.353125 0.6359375 0.3609375 0.6359375 0.3625 0.64375 0.3703125 0.64375 0.3703125 0.6703125 0.334375 0.6703125 0.3328125 0.6640625 0.325 0.6640625 0.325 0.63125
0 0.2671875 0.6578125 0.3140625 0.6578125 0.3140625 0.6703125 0.3234375 0.671875 0.3234375 0.678125 0.315625 0.678125 0.3140625 0.684375 0.30625 0.684375 0.3046875 0.6921875 0.29375 0.69375 0.29375 0.70625 0.2578125 0.70625 0.2578125 0.69375 0.2484375 0.6921875 0.2484375 0.6796875 0.2578125 0.678125 0.2578125 0.665625 0.265625 0.665625 0.2671875 0.659375
0 0.6765625 0.64375 0.7046875 0.64375 0.70625 0.65 0.7140625 0.65 0.715625 0.6578125 0.7234375 0.6578125 0.7234375 0.678125 0.715625 0.678125 0.7140625 0.684375 0.70625 0.684375 0.7046875 0.6984375 0.6953125 0.6984375 0.69375 0.70625 0.6859375 0.70625 0.6859375 0.69375 0.6765625 0.6921875 0.6765625 0.665625 0.675 0.6640625 0.6578125 0.6640625 0.6578125 0.6578125 0.665625 0.6578125 0.6671875 0.65 0.675 0.65 0.6765625 0.6453125
0 0.725 0.671875 0.7703125 0.671875 0.771875 0.6796875 0.7796875 0.6796875 0.7796875 0.7140625 0.771875 0.7140625 0.7703125 0.7203125 0.715625 0.7203125 0.7140625 0.7140625 0.6953125 0.7140625 0.6953125 0.7 0.7046875 0.7 0.70625 0.6859375 0.7140625 0.6859375 0.715625 0.6796875 0.725 0.678125 0.725 0.6734375
0 0.2 0.6859375 0.246875 0.6859375 0.2484375 0.69375 0.25625 0.69375 0.25625 0.70625 0.265625 0.7078125 0.265625 0.728125 0.25625 0.7296875 0.25625 0.7421875 0.190625 0.7421875 0.1890625 0.734375 0.18125 0.734375 0.18125 0.7078125 0.190625 0.70625 0.190625 0.69375 0.1984375 0.69375 0.2 0.6875
0 0.2109375 0.5859375 0.246875 0.5859375 0.2484375 0.59375 0.25625 0.59375 0.25625 0.6203125 0.2484375 0.6203125 0.246875 0.628125 0.2390625 0.628125 0.2375 0.6203125 0.190625 0.6203125 0.190625 0.6078125 0.1984375 0.6078125 0.2 0.59375 0.209375 0.59375 0.2109375 0.5875
0 0.58125 0.8078125 0.628125 0.8078125 0.6296875 0.815625 0.6375 0.815625 0.6390625 0.821875 0.646875 0.821875 0.646875 0.85625 0.6296875 0.85625 0.628125 0.8640625 0.6 0.8640625 0.5984375 0.85625 0.58125 0.85625 0.5796875 0.8484375 0.571875 0.8484375 0.571875 0.821875 0.58125 0.8203125 0.58125 0.809375
0 0.78125 0.6578125 0.8375 0.6578125 0.8390625 0.665625 0.846875 0.665625 0.846875 0.6921875 0.8390625 0.6921875 0.8375 0.6984375 0.8296875 0.6984375 0.828125 0.70625 0.790625 0.70625 0.7890625 0.6984375 0.78125 0.6984375 0.78125 0.6796875 0.771875 0.678125 0.771875 0.665625 0.7796875 0.665625 0.78125 0.659375
0 0.8671875 0.815625 0.89375 0.815625 0.8953125 0.821875 0.9046875 0.821875 0.90625 0.8296875 0.9140625 0.8296875 0.9140625 0.8640625 0.9046875 0.865625 0.9046875 0.878125 0.8765625 0.878125 0.875 0.8703125 0.8484375 0.8703125 0.8484375 0.821875 0.865625 0.821875 0.8671875 0.8171875
0 0.2765625 0.615625 0.3046875 0.615625 0.30625 0.621875 0.3140625 0.621875 0.315625 0.6296875 0.3234375 0.6296875 0.3234375 0.6484375 0.315625 0.6484375 0.3140625 0.65625 0.2671875 0.65625 0.265625 0.6484375 0.2578125 0.6484375 0.2578125 0.621875 0.275 0.621875 0.2765625 0.6171875
0 0.725 0.8359375 0.7609375 0.8359375 0.7625 0.84375 0.7703125 0.84375 0.771875 0.85 0.7796875 0.85 0.7796875 0.884375 0.771875 0.884375 0.7703125 0.8921875 0.725 0.8921875 0.7234375 0.884375 0.715625 0.884375 0.715625 0.84375 0.7234375 0.84375 0.725 0.8375
0 0.0765625 0.7859375 0.1234375 0.7859375 0.125 0.79375 0.1328125 0.79375 0.134375 0.8 0.1421875 0.8 0.1421875 0.828125 0.1328125 0.8296875 0.1328125 0.8421875 0.115625 0.8421875 0.1140625 0.8484375 0.0859375 0.8484375 0.084375 0.8421875 0.0765625 0.8421875 0.075 0.834375 0.0671875 0.834375 0.0671875 0.79375 0.075 0.79375 0.0765625 0.7875
0 0.190625 0.621875 0.246875 0.621875 0.2484375 0.6296875 0.25625 0.6296875 0.25625 0.6484375 0.2484375 0.6484375 0.246875 0.65625 0.190625 0.65625 0.190625 0.6234375
0 0.50625 0.59375 0.5234375 0.59375 0.525 0.6 0.5328125 0.6 0.5328125 0.6421875 0.525 0.6421875 0.5234375 0.6484375 0.5140625 0.65 0.5140625 0.65625 0.50625 0.65625 0.5046875 0.6484375 0.4859375 0.6484375 0.4859375 0.6359375 0.4765625 0.634375 0.4765625 0.6078125 0.484375 0.6078125 0.4859375 0.6 0.5046875 0.6 0.50625 0.5953125
0 0.54375 0.615625 0.5890625 0.615625 0.590625 0.621875 0.5984375 0.621875 0.6 0.6296875 0.609375 0.6296875 0.609375 0.6421875 0.6 0.6421875 0.5984375 0.6484375 0.590625 0.6484375 0.5890625 0.65625 0.5796875 0.6578125 0.5796875 0.6640625 0.5625 0.6640625 0.5609375 0.65625 0.54375 0.65625 0.5421875 0.6484375 0.534375 0.6484375 0.534375 0.621875 0.5421875 0.621875 0.54375 0.6171875
0 0.515625 0.6578125 0.5515625 0.6578125 0.553125 0.665625 0.5703125 0.665625 0.571875 0.671875 0.5796875 0.671875 0.5796875 0.678125 0.571875 0.678125 0.5703125 0.684375 0.5625 0.684375 0.5609375 0.6921875 0.54375 0.6921875 0.5421875 0.684375 0.525 0.684375 0.5234375 0.678125 0.515625 0.678125 0.515625 0.659375
0 0.34375 0.671875 0.3515625 0.671875 0.353125 0.6796875 0.3890625 0.6796875 0.390625 0.6859375 0.3984375 0.6859375 0.4 0.69375 0.409375 0.69375 0.409375 0.6984375 0.3984375 0.7 0.3984375 0.7140625 0.38125 0.7140625 0.3796875 0.7203125 0.3625 0.7203125 0.3609375 0.728125 0.34375 0.728125 0.3421875 0.734375 0.315625 0.734375 0.3140625 0.728125 0.30625 0.728125 0.3046875 0.7203125 0.2953125 0.7203125 0.2953125 0.69375 0.3046875 0.69375 0.30625 0.6859375 0.3140625 0.6859375 0.315625 0.6796875 0.3421875 0.6796875 0.34375 0.6734375
0 0.1625 0.69375 0.1703125 0.69375 0.171875 0.7 0.1796875 0.7 0.1796875 0.734375 0.1625 0.734375 0.1609375 0.728125 0.153125 0.728125 0.1515625 0.7203125 0.14375 0.7203125 0.14375 0.7078125 0.1515625 0.7078125 0.153125 0.7 0.1609375 0.7 0.1625 0.6953125
0 0.134375 0.65 0.1515625 0.65 0.153125 0.6578125 0.1609375 0.6578125 0.1625 0.665625 0.1703125 0.665625 0.1703125 0.6921875 0.1625 0.6921875 0.1609375 0.6984375 0.153125 0.6984375 0.1515625 0.70625 0.134375 0.70625 0.1328125 0.6984375 0.125 0.6984375 0.125 0.6859375 0.115625 0.684375 0.115625 0.665625 0.1234375 0.665625 0.125 0.6578125 0.1328125 0.6578125 0.134375 0.6515625
0 0.6 0.64375 0.61875 0.64375 0.6203125 0.65 0.628125 0.65 0.6296875 0.6578125 0.6375 0.6578125 0.6375 0.6703125 0.6296875 0.6703125 0.628125 0.678125 0.6203125 0.678125 0.61875 0.684375 0.6109375 0.684375 0.609375 0.678125 0.58125 0.678125 0.58125 0.6578125 0.5890625 0.6578125 0.590625 0.65 0.5984375 0.65 0.6 0.6453125
0 0.34375 0.8296875 0.3984375 0.8296875 0.4 0.8359375 0.409375 0.8359375 0.4109375 0.84375 0.41875 0.84375 0.41875 0.884375 0.409375 0.8859375 0.409375 0.8984375 0.390625 0.8984375 0.3890625 0.90625 0.353125 0.90625 0.3515625 0.8984375 0.334375 0.8984375 0.3328125 0.8921875 0.325 0.8921875 0.325 0.8359375 0.3421875 0.8359375 0.34375 0.83125
0 0.790625 0.621875 0.8375 0.621875 0.8375 0.634375 0.846875 0.6359375 0.846875 0.65625 0.771875 0.65625 0.771875 0.6359375 0.7796875 0.6359375 0.78125 0.6296875 0.790625 0.628125 0.790625 0.6234375