1 0.9828125 0.059375 0.99375 0.059375 0.99375 0.0671875 0.9984375 0.06875 0.9984375 0.1609375 0.99375 0.1625 0.99375 0.16875 0.9984375 0.1703125 0.9984375 0.2703125 0.99375 0.271875 0.99375 0.321875 0.9984375 0.3234375 0.9984375 0.371875 0.99375 0.3734375 0.99375 0.38125 0.9875 0.3828125 0.9875 0.3890625 0.98125 0.390625 0.98125 0.396875 0.975 0.3984375 0.975 0.40625 0.96875 0.4078125 0.96875 0.4140625 0.9625 0.415625 0.9625 0.4234375 0.9453125 0.4234375 0.94375 0.43125 0.9203125 0.43125 0.9203125 0.4078125 0.9140625 0.40625 0.9140625 0.3828125 0.9078125 0.38125 0.9078125 0.35625 0.9140625 0.3546875 0.9140625 0.3140625 0.9203125 0.3125 0.9203125 0.296875 0.9265625 0.2953125 0.9265625 0.271875 0.9328125 0.2703125 0.9328125 0.2546875 0.9390625 0.253125 0.9390625 0.2296875 0.9453125 0.228125 0.9453125 0.2125 0.9515625 0.2109375 0.9515625 0.1875 0.9578125 0.1859375 0.9578125 0.1453125 0.9640625 0.14375 0.9640625 0.09375 0.9703125 0.0921875 0.9703125 0.0765625 0.9765625 0.075 0.9765625 0.06875 0.9828125 0.0671875 0.9828125 0.0609375
1 0.315625 0.54375 0.3265625 0.54375 0.3265625 0.5578125 0.3328125 0.559375 0.3328125 0.575 0.3390625 0.5765625 0.3390625 0.6015625 0.3453125 0.603125 0.3453125 0.609375 0.3578125 0.6109375 0.3578125 0.6171875 0.3640625 0.61875 0.3640625 0.6265625 0.3703125 0.628125 0.371875 0.6359375 0.39375 0.6359375 0.39375 0.64375 0.3875 0.6453125 0.3875 0.66875 0.38125 0.6703125 0.38125 0.6765625 0.3875 0.678125 0.3875 0.69375 0.39375 0.6953125 0.39375 0.7203125 0.4 0.721875 0.4015625 0.7296875 0.40625 0.7296875 0.40625 0.7625 0.4125 0.7640625 0.4125 0.778125 0.41875 0.7796875 0.41875 0.8125 0.425 0.8140625 0.425 0.821875 0.41875 0.8234375 0.41875 0.8375 0.425 0.8390625 0.425 0.871875 0.41875 0.8734375 0.41875 0.8890625 0.425 0.890625 0.425 0.940625 0.41875 0.9421875 0.41875 0.9984375 0.365625 0.9984375 0.365625 0.9921875 0.359375 0.990625 0.359375 0.975 0.353125 0.9734375 0.3515625 0.965625 0.346875 0.965625 0.346875 0.9421875 0.340625 0.940625 0.340625 0.925 0.334375 0.9234375 0.334375 0.8984375 0.328125 0.896875 0.328125 0.8828125 0.321875 0.88125 0.321875 0.8484375 0.315625 0.846875 0.315625 0.8234375 0.309375 0.821875 0.309375 0.7796875 0.315625 0.778125 0.315625 0.746875 0.321875 0.7453125 0.321875 0.7125 0.309375 0.7109375 0.309375 0.6703125 0.303125 0.66875 0.3015625 0.6609375 0.290625 0.6609375 0.2890625 0.6515625 0.259375 0.6515625 0.2578125 0.6609375 0.2421875 0.6609375 0.2421875 0.6453125 0.2515625 0.6453125 0.253125 0.6359375 0.259375 0.634375 0.259375 0.628125 0.253125 0.6265625 0.253125 0.61875 0.259375 0.6171875 0.259375 0.603125 0.2765625 0.603125 0.278125 0.59375 0.2828125 0.59375 0.284375 0.5859375 0.290625 0.584375 0.290625 0.5765625 0.3078125 0.5765625 0.309375 0.575 0.309375 0.5515625 0.3140625 0.5515625 0.315625 0.5453125
1 0.4703125 0.6953125 0.4875 0.6953125 0.4875 0.703125 0.49375 0.7046875 0.49375 0.7203125 0.4984375 0.721875 0.4984375 0.7359375 0.5046875 0.7375 0.5046875 0.7453125 0.5109375 0.746875 0.5109375 0.753125 0.5171875 0.7546875 0.5171875 0.7625 0.5234375 0.7640625 0.525 0.771875 0.5296875 0.771875 0.5296875 0.965625 0.5234375 0.9671875 0.5234375 0.9828125 0.5171875 0.984375 0.5171875 0.990625 0.5109375 0.9921875 0.5109375 0.9984375 0.4640625 0.9984375 0.4640625 0.9921875 0.4578125 0.990625 0.45625 0.9828125 0.4453125 0.9828125 0.4453125 0.975 0.4390625 0.9734375 0.4390625 0.95 0.4328125 0.9484375 0.43125 0.940625 0.4265625 0.940625 0.4265625 0.796875 0.4328125 0.7953125 0.4328125 0.7796875 0.4390625 0.778125 0.4390625 0.7640625 0.4453125 0.7625 0.4453125 0.746875 0.45 0.746875 0.4515625 0.7375 0.4578125 0.7359375 0.4578125 0.7125 0.4640625 0.7109375 0.4640625 0.7046875 0.4703125 0.703125 0.4703125 0.696875
1 0.853125 0.365625 0.8640625 0.365625 0.8640625 0.38125 0.8703125 0.3828125 0.8703125 0.4484375 0.875 0.45 0.875 0.490625 0.88125 0.4921875 0.88125 0.5078125 0.8875 0.509375 0.8875 0.525 0.89375 0.5265625 0.89375 0.55 0.9 0.5515625 0.9 0.6171875 0.89375 0.61875 0.89375 0.6515625 0.8875 0.653125 0.8875 0.6765625 0.88125 0.678125 0.88125 0.703125 0.875 0.7046875 0.875 0.7203125 0.8703125 0.721875 0.8703125 0.7359375 0.865625 0.7359375 0.8640625 0.7453125 0.859375 0.7453125 0.8578125 0.753125 0.8515625 0.7546875 0.8515625 0.7625 0.846875 0.7625 0.8453125 0.7703125 0.8390625 0.771875 0.8390625 0.778125 0.8328125 0.7796875 0.8328125 0.7875 0.8265625 0.7890625 0.8265625 0.7953125 0.815625 0.7953125 0.8140625 0.8046875 0.803125 0.8046875 0.8015625 0.8125 0.771875 0.8125 0.7703125 0.8046875 0.759375 0.8046875 0.759375 0.796875 0.753125 0.7953125 0.753125 0.7890625 0.7484375 0.7875 0.7484375 0.7796875 0.7421875 0.778125 0.740625 0.7703125 0.7359375 0.7703125 0.7359375 0.7546875 0.7421875 0.753125 0.7421875 0.7375 0.7484375 0.7359375 0.7484375 0.721875 0.753125 0.7203125 0.753125 0.6953125 0.759375 0.69375 0.759375 0.6625 0.765625 0.6609375 0.765625 0.6359375 0.771875 0.634375 0.771875 0.61875 0.778125 0.6171875 0.778125 0.59375 0.784375 0.5921875 0.784375 0.56875 0.790625 0.5671875 0.790625 0.54375 0.796875 0.5421875 0.796875 0.5171875 0.803125 0.515625 0.803125 0.5 0.809375 0.4984375 0.809375 0.484375 0.815625 0.4828125 0.815625 0.4671875 0.821875 0.465625 0.821875 0.45 0.828125 0.4484375 0.828125 0.425 0.834375 0.4234375 0.834375 0.4078125 0.840625 0.40625 0.840625 0.390625 0.8453125 0.390625 0.846875 0.3828125 0.853125 0.38125 0.853125 0.3671875
1 0.9703125 0.45 0.99375 0.45 0.99375 0.515625 0.9984375 0.5171875 0.9984375 0.5921875 0.9765625 0.5921875 0.975 0.6015625 0.9640625 0.6015625 0.9625 0.609375 0.95625 0.6109375 0.95625 0.6171875 0.94375 0.61875 0.94375 0.6265625 0.9375 0.628125 0.9375 0.64375 0.9328125 0.64375 0.93125 0.6515625 0.925 0.653125 0.925 0.6609375 0.91875 0.6625 0.91875 0.6765625 0.9140625 0.6765625 0.9125 0.6859375 0.9078125 0.6859375 0.90625 0.69375 0.9 0.6953125 0.9 0.703125 0.8890625 0.703125 0.8890625 0.6703125 0.8953125 0.66875 0.8953125 0.6359375 0.9015625 0.634375 0.9015625 0.5859375 0.9078125 0.584375 0.9078125 0.559375 0.9140625 0.5578125 0.9140625 0.54375 0.9203125 0.5421875 0.9203125 0.5265625 0.9265625 0.525 0.9265625 0.5171875 0.93125 0.5171875 0.9328125 0.509375 0.9390625 0.5078125 0.9390625 0.5 0.9453125 0.4984375 0.9453125 0.484375 0.9515625 0.4828125 0.9515625 0.4671875 0.9578125 0.465625 0.9578125 0.4578125 0.96875 0.4578125 0.9703125 0.4515625
1 0.9015625 0.7046875 0.91875 0.7046875 0.91875 0.7109375 0.925 0.7125 0.925 0.7203125 0.93125 0.721875 0.93125 0.7359375 0.9375 0.7375 0.9375 0.7625 0.94375 0.7640625 0.94375 0.8546875 0.9375 0.85625 0.9375 0.871875 0.93125 0.8734375 0.93125 0.8890625 0.9265625 0.8890625 0.925 0.896875 0.91875 0.8984375 0.91875 0.9140625 0.9125 0.915625 0.9125 0.9234375 0.9078125 0.9234375 0.90625 0.93125 0.9 0.9328125 0.9 0.940625 0.89375 0.9421875 0.89375 0.95625 0.8890625 0.95625 0.8875 0.965625 0.8828125 0.965625 0.88125 0.9734375 0.875 0.975 0.875 0.9828125 0.8703125 0.984375 0.8703125 0.990625 0.8640625 0.9921875 0.8640625 0.9984375 0.753125 0.9984375 0.753125 0.9921875 0.7484375 0.990625 0.7484375 0.95 0.753125 0.9484375 0.753125 0.9421875 0.759375 0.940625 0.759375 0.925 0.7640625 0.925 0.765625 0.915625 0.771875 0.9140625 0.771875 0.8984375 0.778125 0.896875 0.778125 0.890625 0.7828125 0.890625 0.784375 0.8828125 0.790625 0.88125 0.790625 0.8734375 0.7953125 0.8734375 0.796875 0.865625 0.803125 0.8640625 0.803125 0.85625 0.809375 0.8546875 0.809375 0.8390625 0.8140625 0.8390625 0.815625 0.83125 0.821875 0.8296875 0.821875 0.8140625 0.8265625 0.8140625 0.828125 0.80625 0.834375 0.8046875 0.834375 0.796875 0.840625 0.7953125 0.840625 0.7890625 0.846875 0.7875 0.846875 0.7796875 0.8515625 0.7796875 0.853125 0.771875 0.859375 0.7703125 0.859375 0.7546875 0.871875 0.753125 0.871875 0.746875 0.8765625 0.7453125 0.8765625 0.7375 0.8828125 0.7359375 0.8828125 0.7296875 0.8890625 0.728125 0.8890625 0.721875 0.8953125 0.7203125 0.8953125 0.7125 0.9 0.7125 0.9015625 0.70625
1 0.9953125 0.6703125 0.9984375 0.6703125 0.9984375 0.871875 0.99375 0.8734375 0.99375 0.88125 0.9875 0.8828125 0.9875 0.8890625 0.98125 0.890625 0.98125 0.896875 0.975 0.8984375 0.975 0.90625 0.9640625 0.90625 0.9625 0.9140625 0.9515625 0.9140625 0.95 0.9234375 0.9390625 0.9234375 0.9375 0.93125 0.93125 0.9328125 0.93125 0.940625 0.9203125 0.940625 0.9203125 0.915625 0.9265625 0.9140625 0.9265625 0.8984375 0.9328125 0.896875 0.9328125 0.8828125 0.9390625 0.88125 0.9390625 0.865625 0.9453125 0.8640625 0.9453125 0.8234375 0.9515625 0.821875 0.9515625 0.7796875 0.96875 0.7796875 0.9703125 0.771875 0.9765625 0.7703125 0.9765625 0.7125 0.98125 0.7125 0.9828125 0.7046875 0.9890625 0.703125 0.9890625 0.6875 0.9953125 0.6859375 0.9953125 0.671875
1 0.9078125 0 0.9375 0 0.9375 0.015625 0.94375 0.0171875 0.94375 0.0328125 0.95 0.034375 0.95 0.0671875 0.95625 0.06875 0.95625 0.16875 0.95 0.1703125 0.95 0.203125 0.94375 0.2046875 0.94375 0.228125 0.9375 0.2296875 0.9375 0.2453125 0.93125 0.246875 0.93125 0.2703125 0.925 0.271875 0.925 0.2875 0.91875 0.2890625 0.91875 0.3046875 0.9140625 0.3046875 0.9140625 0.296875 0.9078125 0.2953125 0.9078125 0.271875 0.90625 0.2703125 0.865625 0.2703125 0.8640625 0.278125 0.8578125 0.2796875 0.8578125 0.2953125 0.853125 0.2953125 0.8515625 0.3046875 0.846875 0.3046875 0.8453125 0.3125 0.8390625 0.3140625 0.8390625 0.3375 0.8328125 0.3390625 0.8328125 0.346875 0.828125 0.346875 0.828125 0.3390625 0.821875 0.3375 0.8203125 0.3296875 0.815625 0.3296875 0.815625 0.3140625 0.809375 0.3125 0.809375 0.246875 0.815625 0.2453125 0.815625 0.2296875 0.8203125 0.2296875 0.821875 0.221875 0.828125 0.2203125 0.828125 0.2046875 0.834375 0.203125 0.834375 0.153125 0.840625 0.1515625 0.840625 0.128125 0.846875 0.1265625 0.846875 0.103125 0.853125 0.1015625 0.853125 0.0859375 0.859375 0.084375 0.859375 0.06875 0.8640625 0.06875 0.865625 0.059375 0.871875 0.0578125 0.871875 0.04375 0.8765625 0.0421875 0.8765625 0.034375 0.88125 0.034375 0.8828125 0.0265625 0.8890625 0.025 0.8890625 0.0171875 0.9015625 0.015625 0.9015625 0.009375 0.9078125 0.0078125 0.9078125 0.0015625
1 0.6484375 0.7546875 0.653125 0.7546875 0.6546875 0.7640625 0.665625 0.7640625 0.6671875 0.771875 0.684375 0.771875 0.6859375 0.7796875 0.696875 0.7796875 0.6984375 0.7890625 0.709375 0.7890625 0.709375 0.7953125 0.715625 0.796875 0.715625 0.8125 0.709375 0.8140625 0.709375 0.871875 0.703125 0.8734375 0.703125 0.8890625 0.696875 0.890625 0.696875 0.93125 0.6921875 0.93125 0.690625 0.940625 0.6859375 0.940625 0.684375 0.9484375 0.678125 0.95 0.678125 0.965625 0.6734375 0.965625 0.671875 0.9734375 0.665625 0.975 0.665625 0.9828125 0.653125 0.984375 0.653125 0.9984375 0.6359375 0.9984375 0.634375 0.990625 0.628125 0.9921875 0.628125 0.9984375 0.54375 0.9984375 0.54375 0.9578125 0.55 0.95625 0.55 0.9421875 0.55625 0.940625 0.55625 0.9328125 0.5609375 0.9328125 0.5625 0.925 0.56875 0.9234375 0.56875 0.8828125 0.575 0.88125 0.575 0.85625 0.58125 0.8546875 0.58125 0.83125 0.5875 0.8296875 0.5875 0.7890625 0.59375 0.7875 0.59375 0.771875 0.634375 0.771875 0.6359375 0.7640625 0.6484375 0.7625 0.6484375 0.75625
1 0.2171875 0.6875 0.221875 0.6875 0.221875 0.69375 0.228125 0.6953125 0.228125 0.703125 0.234375 0.7046875 0.234375 0.7109375 0.240625 0.7125 0.240625 0.728125 0.246875 0.7296875 0.246875 0.7359375 0.2515625 0.7375 0.2515625 0.7453125 0.2578125 0.746875 0.2578125 0.753125 0.2640625 0.7546875 0.2640625 0.7625 0.2703125 0.7640625 0.2703125 0.7703125 0.2765625 0.771875 0.278125 0.7796875 0.2828125 0.7796875 0.2828125 0.7875 0.2890625 0.7890625 0.2890625 0.8046875 0.3015625 0.80625 0.3015625 0.8125 0.3078125 0.8140625 0.3078125 0.8296875 0.3140625 0.83125 0.3140625 0.8546875 0.3203125 0.85625 0.3203125 0.88125 0.3265625 0.8828125 0.3265625 0.90625 0.3328125 0.9078125 0.3328125 0.93125 0.3390625 0.9328125 0.3390625 0.9484375 0.3453125 0.95 0.3453125 0.965625 0.3515625 0.9671875 0.3515625 0.9828125 0.3578125 0.984375 0.359375 0.9921875 0.3640625 0.9921875 0.3640625 0.9984375 0.2484375 0.9984375 0.2484375 0.984375 0.2421875 0.9828125 0.2421875 0.9578125 0.2359375 0.95625 0.2359375 0.9421875 0.2296875 0.940625 0.2296875 0.915625 0.2234375 0.9140625 0.2234375 0.8828125 0.2171875 0.88125 0.2171875 0.865625 0.2109375 0.8640625 0.2109375 0.8484375 0.2046875 0.846875 0.2046875 0.8390625 0.1921875 0.8375 0.1921875 0.8234375 0.196875 0.8234375 0.1984375 0.8140625 0.2046875 0.8125 0.2046875 0.7890625 0.1921875 0.7875 0.190625 0.778125 0.1796875 0.778125 0.1796875 0.771875 0.1734375 0.7703125 0.171875 0.7625 0.1671875 0.7625 0.1671875 0.7546875 0.1546875 0.753125 0.1546875 0.746875 0.1484375 0.7453125 0.1484375 0.7375 0.1421875 0.7359375 0.1421875 0.721875 0.153125 0.721875 0.1546875 0.7296875 0.178125 0.7296875 0.1796875 0.7375 0.196875 0.7375 0.1984375 0.721875 0.2046875 0.7203125 0.2046875 0.7046875 0.2109375 0.703125 0.2109375 0.6953125 0.215625 0.6953125 0.2171875 0.6890625
1 0.6484375 0.2296875 0.659375 0.2296875 0.6609375 0.2375 0.671875 0.2375 0.671875 0.2453125 0.678125 0.246875 0.6796875 0.2546875 0.684375 0.2546875 0.684375 0.2703125 0.690625 0.271875 0.690625 0.2875 0.696875 0.2890625 0.696875 0.3296875 0.690625 0.33125 0.690625 0.3640625 0.684375 0.365625 0.684375 0.396875 0.678125 0.3984375 0.678125 0.43125 0.671875 0.4328125 0.671875 0.440625 0.665625 0.4421875 0.665625 0.45625 0.659375 0.4578125 0.659375 0.4828125 0.653125 0.484375 0.653125 0.5078125 0.646875 0.509375 0.646875 0.525 0.6421875 0.525 0.6421875 0.5171875 0.6359375 0.515625 0.6359375 0.484375 0.6296875 0.4828125 0.6296875 0.4578125 0.625 0.45625 0.625 0.4328125 0.61875 0.43125 0.61875 0.415625 0.6125 0.4140625 0.6125 0.30625 0.6171875 0.30625 0.61875 0.296875 0.625 0.2953125 0.625 0.2796875 0.6296875 0.278125 0.6296875 0.2546875 0.6359375 0.253125 0.6359375 0.2375 0.646875 0.2375 0.6484375 0.23125
1 0.4078125 0.2125 0.41875 0.2125 0.41875 0.2203125 0.425 0.221875 0.425 0.3125 0.43125 0.3140625 0.43125 0.346875 0.4265625 0.346875 0.425 0.3546875 0.41875 0.35625 0.41875 0.371875 0.4015625 0.371875 0.4015625 0.365625 0.3953125 0.3640625 0.3953125 0.35625 0.3890625 0.3546875 0.3890625 0.33125 0.3828125 0.3296875 0.3828125 0.30625 0.3765625 0.3046875 0.3765625 0.2640625 0.3828125 0.2625 0.3828125 0.246875 0.3890625 0.2453125 0.3890625 0.2375 0.3953125 0.2359375 0.3953125 0.2296875 0.4015625 0.228125 0.4015625 0.221875 0.4078125 0.2203125 0.4078125 0.2140625
1 0.525 0.2375 0.5421875 0.2375 0.5421875 0.2453125 0.5484375 0.246875 0.5484375 0.2703125 0.5546875 0.271875 0.5546875 0.278125 0.5609375 0.2796875 0.5609375 0.2875 0.5671875 0.2890625 0.5671875 0.3296875 0.5609375 0.33125 0.5609375 0.396875 0.55625 0.396875 0.5546875 0.40625 0.5484375 0.4078125 0.5484375 0.4234375 0.5421875 0.425 0.5421875 0.440625 0.5359375 0.4421875 0.5359375 0.465625 0.5296875 0.4671875 0.5296875 0.4828125 0.51875 0.4828125 0.51875 0.4671875 0.5125 0.465625 0.5125 0.45 0.50625 0.4484375 0.50625 0.425 0.5 0.4234375 0.5 0.415625 0.4953125 0.4140625 0.4953125 0.3984375 0.4890625 0.396875 0.4890625 0.365625 0.4953125 0.3640625 0.4953125 0.3390625 0.5 0.3375 0.5 0.296875 0.5046875 0.296875 0.50625 0.2890625 0.5125 0.2875 0.5125 0.271875 0.51875 0.2703125 0.51875 0.2546875 0.525 0.253125 0.525 0.2390625
1 0.359375 0.6703125 0.375 0.6703125 0.375 0.6765625 0.38125 0.678125 0.38125 0.6859375 0.3875 0.6875 0.3875 0.703125 0.39375 0.7046875 0.39375 0.7203125 0.4 0.721875 0.4 0.7359375 0.40625 0.7375 0.40625 0.7625 0.4125 0.7640625 0.4125 0.778125 0.41875 0.7796875 0.41875 0.8125 0.425 0.8140625 0.425 0.821875 0.41875 0.8234375 0.41875 0.8296875 0.425 0.83125 0.425 0.846875 0.41875 0.8484375 0.41875 0.8546875 0.425 0.85625 0.425 0.93125 0.41875 0.9328125 0.41875 0.9984375 0.365625 0.9984375 0.365625 0.984375 0.359375 0.9828125 0.3578125 0.9734375 0.353125 0.9734375 0.353125 0.9578125 0.346875 0.95625 0.346875 0.9421875 0.340625 0.940625 0.340625 0.925 0.334375 0.9234375 0.334375 0.8984375 0.328125 0.896875 0.328125 0.8734375 0.321875 0.871875 0.321875 0.8484375 0.315625 0.846875 0.315625 0.7640625 0.321875 0.7625 0.321875 0.7375 0.328125 0.7359375 0.328125 0.7125 0.334375 0.7109375 0.334375 0.6875 0.3453125 0.6875 0.346875 0.678125 0.3578125 0.678125 0.359375 0.671875
1 0.3765625 0.365625 0.3875 0.365625 0.3875 0.371875 0.39375 0.3734375 0.39375 0.38125 0.4 0.3828125 0.4 0.396875 0.40625 0.3984375 0.40625 0.5328125 0.4125 0.534375 0.4125 0.5671875 0.41875 0.56875 0.41875 0.609375 0.4140625 0.609375 0.4125 0.6171875 0.40625 0.61875 0.40625 0.6265625 0.4078125 0.628125 0.425 0.628125 0.425 0.634375 0.43125 0.6359375 0.43125 0.64375 0.4375 0.6453125 0.4375 0.6609375 0.44375 0.6625 0.44375 0.6765625 0.45 0.678125 0.45 0.703125 0.44375 0.7046875 0.44375 0.7203125 0.4328125 0.7203125 0.43125 0.728125 0.4140625 0.728125 0.4140625 0.721875 0.4078125 0.7203125 0.4078125 0.7125 0.4015625 0.7109375 0.4 0.703125 0.3953125 0.703125 0.3953125 0.6875 0.3890625 0.6859375 0.3875 0.6765625 0.3828125 0.6765625 0.3828125 0.6703125 0.3890625 0.66875 0.3890625 0.653125 0.39375 0.653125 0.3953125 0.6453125 0.4015625 0.64375 0.4015625 0.628125 0.3953125 0.6265625 0.39375 0.634375 0.3765625 0.634375 0.375 0.6265625 0.365625 0.6265625 0.365625 0.6109375 0.359375 0.609375 0.359375 0.59375 0.353125 0.5921875 0.353125 0.56875 0.346875 0.5671875 0.346875 0.5515625 0.340625 0.55 0.340625 0.5265625 0.334375 0.525 0.334375 0.4671875 0.340625 0.465625 0.340625 0.45 0.3453125 0.45 0.346875 0.4421875 0.353125 0.440625 0.353125 0.425 0.359375 0.4234375 0.359375 0.3984375 0.365625 0.396875 0.365625 0.3734375 0.375 0.3734375 0.3765625 0.3671875
1 0.271875 0.7796875 0.2765625 0.7796875 0.2765625 0.7875 0.2828125 0.7890625 0.284375 0.796875 0.2890625 0.796875 0.2890625 0.8046875 0.2953125 0.80625 0.2953125 0.8125 0.3015625 0.8140625 0.3015625 0.821875 0.3078125 0.8234375 0.3078125 0.8375 0.3140625 0.8390625 0.3140625 0.8546875 0.3203125 0.85625 0.3203125 0.8890625 0.3265625 0.890625 0.3265625 0.9140625 0.3328125 0.915625 0.3328125 0.940625 0.3390625 0.9421875 0.340625 0.95 0.3453125 0.95 0.3453125 0.965625 0.3515625 0.9671875 0.3515625 0.9828125 0.3578125 0.984375 0.3578125 0.9984375 0.253125 0.9984375 0.253125 0.9921875 0.2484375 0.990625 0.2484375 0.984375 0.2421875 0.9828125 0.2421875 0.95 0.2359375 0.9484375 0.2359375 0.9328125 0.2296875 0.93125 0.2296875 0.9078125 0.2234375 0.90625 0.2234375 0.8734375 0.2171875 0.871875 0.2171875 0.85625 0.2234375 0.8546875 0.2234375 0.8234375 0.234375 0.8234375 0.2359375 0.8140625 0.240625 0.8140625 0.2421875 0.80625 0.2484375 0.8046875 0.2484375 0.796875 0.253125 0.7953125 0.253125 0.7890625 0.2703125 0.7890625 0.271875 0.78125
1 0.9890625 0.890625 0.9984375 0.890625 0.9984375 0.990625 0.99375 0.9921875 0.99375 0.9984375 0.8828125 0.9984375 0.8828125 0.9921875 0.8875 0.9921875 0.8890625 0.984375 0.8953125 0.9828125 0.8953125 0.975 0.90625 0.975 0.9078125 0.9671875 0.9140625 0.965625 0.9140625 0.9578125 0.9265625 0.95625 0.9265625 0.9421875 0.9390625 0.940625 0.9390625 0.9328125 0.94375 0.9328125 0.9453125 0.925 0.9515625 0.9234375 0.9515625 0.915625 0.9625 0.915625 0.9640625 0.9078125 0.98125 0.9078125 0.9828125 0.8984375 0.9875 0.8984375 0.9890625 0.8921875
1 0.8890625 0.30625 0.89375 0.30625 0.8953125 0.3140625 0.90625 0.3140625 0.90625 0.3640625 0.9 0.365625 0.9 0.371875 0.90625 0.3734375 0.90625 0.396875 0.9125 0.3984375 0.9125 0.4234375 0.91875 0.425 0.91875 0.4828125 0.9125 0.484375 0.9125 0.5328125 0.90625 0.534375 0.90625 0.55 0.9015625 0.55 0.9015625 0.54375 0.8953125 0.5421875 0.8953125 0.5171875 0.8890625 0.515625 0.8890625 0.5 0.8828125 0.4984375 0.8828125 0.484375 0.8765625 0.4828125 0.8765625 0.4328125 0.871875 0.43125 0.871875 0.3234375 0.88125 0.3234375 0.8828125 0.3140625 0.8875 0.3140625 0.8890625 0.3078125
1 0.6984375 0.3234375 0.709375 0.3234375 0.709375 0.3296875 0.715625 0.33125 0.7171875 0.3390625 0.721875 0.3390625 0.721875 0.346875 0.728125 0.3484375 0.728125 0.3890625 0.734375 0.390625 0.734375 0.4140625 0.740625 0.415625 0.740625 0.4484375 0.746875 0.45 0.746875 0.465625 0.7515625 0.4671875 0.7515625 0.5078125 0.7578125 0.509375 0.7578125 0.6515625 0.7515625 0.653125 0.7515625 0.703125 0.746875 0.7046875 0.746875 0.728125 0.740625 0.7296875 0.740625 0.7453125 0.7359375 0.7453125 0.734375 0.753125 0.728125 0.7546875 0.728125 0.7625 0.721875 0.7640625 0.721875 0.7703125 0.715625 0.771875 0.715625 0.778125 0.7046875 0.778125 0.703125 0.7703125 0.6859375 0.7703125 0.684375 0.7625 0.6734375 0.7625 0.671875 0.753125 0.6609375 0.753125 0.6609375 0.746875 0.6546875 0.7453125 0.6546875 0.721875 0.6484375 0.7203125 0.6484375 0.509375 0.6546875 0.5078125 0.6546875 0.484375 0.6609375 0.4828125 0.6609375 0.4671875 0.6671875 0.465625 0.6671875 0.45 0.6734375 0.4484375 0.6734375 0.4328125 0.6796875 0.43125 0.6796875 0.3984375 0.6859375 0.396875 0.6859375 0.3734375 0.6921875 0.371875 0.6921875 0.33125 0.696875 0.33125 0.6984375 0.325
1 0.575 0.2890625 0.5859375 0.2890625 0.5859375 0.3125 0.5921875 0.3140625 0.5921875 0.3375 0.5984375 0.3390625 0.5984375 0.3640625 0.6046875 0.365625 0.6046875 0.3890625 0.6109375 0.390625 0.6109375 0.4140625 0.6171875 0.415625 0.6171875 0.440625 0.6234375 0.4421875 0.6234375 0.45625 0.628125 0.4578125 0.628125 0.4984375 0.634375 0.5 0.634375 0.5671875 0.640625 0.56875 0.640625 0.7453125 0.634375 0.746875 0.634375 0.7625 0.58125 0.7625 0.5796875 0.753125 0.56875 0.753125 0.56875 0.746875 0.5625 0.7453125 0.5625 0.7375 0.55625 0.7359375 0.5546875 0.728125 0.55 0.728125 0.55 0.7125 0.54375 0.7109375 0.54375 0.678125 0.5375 0.6765625 0.5375 0.6359375 0.53125 0.634375 0.53125 0.56875 0.525 0.5671875 0.525 0.5265625 0.53125 0.525 0.53125 0.4671875 0.5375 0.465625 0.5375 0.45 0.54375 0.4484375 0.54375 0.4328125 0.55 0.43125 0.55 0.415625 0.55625 0.4140625 0.55625 0.3984375 0.5609375 0.3984375 0.5625 0.390625 0.56875 0.3890625 0.56875 0.3140625 0.575 0.3125 0.575 0.30625 0.56875 0.3046875 0.56875 0.296875 0.5734375 0.296875 0.575 0.290625
1 0.7296875 0.796875 0.734375 0.796875 0.734375 0.8046875 0.728125 0.80625 0.728125 0.8296875 0.7296875 0.83125 0.734375 0.83125 0.7359375 0.8234375 0.7421875 0.821875 0.7421875 0.8140625 0.7484375 0.8125 0.7484375 0.80625 0.7578125 0.80625 0.759375 0.8140625 0.8015625 0.8140625 0.8015625 0.8546875 0.7953125 0.85625 0.7953125 0.871875 0.7890625 0.8734375 0.7890625 0.88125 0.7828125 0.8828125 0.7828125 0.8890625 0.778125 0.8890625 0.7765625 0.896875 0.7703125 0.8984375 0.7703125 0.90625 0.7640625 0.9078125 0.7640625 0.9234375 0.759375 0.9234375 0.7578125 0.93125 0.7515625 0.9328125 0.7515625 0.9484375 0.746875 0.95 0.746875 0.95625 0.740625 0.9578125 0.740625 0.965625 0.7296875 0.965625 0.728125 0.95625 0.7109375 0.95625 0.7109375 0.95 0.7046875 0.9484375 0.703125 0.940625 0.6984375 0.940625 0.6984375 0.915625 0.7046875 0.9140625 0.7046875 0.890625 0.7109375 0.8890625 0.7109375 0.8734375 0.7171875 0.871875 0.7171875 0.8140625 0.7234375 0.8125 0.7234375 0.80625 0.7296875 0.8046875 0.7296875 0.7984375
1 0.6484375 0.0765625 0.653125 0.0765625 0.653125 0.084375 0.659375 0.0859375 0.659375 0.1765625 0.665625 0.178125 0.665625 0.19375 0.671875 0.1953125 0.6734375 0.2046875 0.678125 0.2046875 0.678125 0.2359375 0.684375 0.2375 0.684375 0.2625 0.690625 0.2640625 0.690625 0.2875 0.696875 0.2890625 0.696875 0.3296875 0.690625 0.33125 0.690625 0.371875 0.684375 0.3734375 0.684375 0.396875 0.678125 0.3984375 0.678125 0.4234375 0.671875 0.425 0.671875 0.440625 0.665625 0.4421875 0.665625 0.45625 0.659375 0.4578125 0.659375 0.4828125 0.653125 0.484375 0.653125 0.4984375 0.646875 0.5 0.646875 0.525 0.6359375 0.525 0.6359375 0.484375 0.6296875 0.4828125 0.6296875 0.4578125 0.625 0.45625 0.625 0.4328125 0.61875 0.43125 0.61875 0.415625 0.6125 0.4140625 0.6125 0.30625 0.6171875 0.30625 0.61875 0.296875 0.625 0.2953125 0.625 0.271875 0.6296875 0.2703125 0.6296875 0.2375 0.6359375 0.2359375 0.6359375 0.2296875 0.6296875 0.228125 0.6296875 0.221875 0.6359375 0.2203125 0.6359375 0.1875 0.6296875 0.1859375 0.6296875 0.1359375 0.625 0.134375 0.625 0.11875 0.61875 0.1171875 0.61875 0.1109375 0.625 0.109375 0.625 0.09375 0.634375 0.09375 0.6359375 0.0859375 0.646875 0.0859375 0.6484375 0.078125
1 0.771875 0.1453125 0.7765625 0.1453125 0.7765625 0.19375 0.7890625 0.1953125 0.7890625 0.2625 0.7953125 0.2640625 0.7953125 0.2875 0.8015625 0.2890625 0.8015625 0.3046875 0.8078125 0.30625 0.8078125 0.3296875 0.8140625 0.33125 0.8140625 0.346875 0.8203125 0.3484375 0.8203125 0.371875 0.8265625 0.3734375 0.8265625 0.40625 0.8203125 0.4078125 0.8203125 0.45625 0.8140625 0.4578125 0.8140625 0.4734375 0.8078125 0.475 0.8078125 0.490625 0.8015625 0.4921875 0.8015625 0.5078125 0.7953125 0.509375 0.7953125 0.5328125 0.7890625 0.534375 0.7890625 0.55 0.7828125 0.5515625 0.7828125 0.584375 0.7765625 0.5859375 0.7765625 0.6015625 0.7703125 0.603125 0.7703125 0.6265625 0.765625 0.6265625 0.765625 0.6109375 0.759375 0.609375 0.759375 0.5 0.753125 0.4984375 0.753125 0.4671875 0.7484375 0.465625 0.7484375 0.4421875 0.7421875 0.440625 0.7421875 0.4078125 0.7359375 0.40625 0.7359375 0.3484375 0.7421875 0.346875 0.7421875 0.3234375 0.7484375 0.321875 0.7484375 0.296875 0.753125 0.2953125 0.753125 0.2796875 0.759375 0.278125 0.759375 0.2375 0.765625 0.2359375 0.765625 0.1703125 0.759375 0.16875 0.759375 0.153125 0.7703125 0.153125 0.771875 0.146875
1 0.7484375 0 0.875 0 0.875 0.025 0.8703125 0.0265625 0.8703125 0.0421875 0.8640625 0.04375 0.8640625 0.0671875 0.859375 0.0671875 0.8578125 0.075 0.8515625 0.0765625 0.8515625 0.084375 0.8453125 0.0859375 0.8453125 0.1015625 0.8390625 0.103125 0.8390625 0.1171875 0.8328125 0.11875 0.8328125 0.1265625 0.828125 0.1265625 0.8265625 0.1171875 0.796875 0.1171875 0.7953125 0.109375 0.7484375 0.109375 0.746875 0.1171875 0.7359375 0.1171875 0.7359375 0.1109375 0.7421875 0.109375 0.7421875 0.09375 0.7359375 0.0921875 0.7359375 0.06875 0.7421875 0.0671875 0.7421875 0.0265625 0.7484375 0.025 0.7484375 0.0171875 0.7421875 0.015625 0.7421875 0.009375 0.7484375 0.0078125 0.7484375 0.0015625
1 0.4453125 0.3484375 0.46875 0.3484375 0.46875 0.3546875 0.475 0.35625 0.475 0.38125 0.48125 0.3828125 0.48125 0.396875 0.4875 0.3984375 0.4875 0.40625 0.49375 0.4078125 0.49375 0.4234375 0.4984375 0.425 0.4984375 0.440625 0.5046875 0.4421875 0.5046875 0.45625 0.5109375 0.4578125 0.5109375 0.4734375 0.5171875 0.475 0.5171875 0.4984375 0.5234375 0.5 0.5234375 0.6015625 0.5296875 0.603125 0.5296875 0.6515625 0.5359375 0.653125 0.5359375 0.69375 0.5421875 0.6953125 0.5421875 0.7359375 0.5359375 0.7375 0.5359375 0.7453125 0.53125 0.7453125 0.5296875 0.7359375 0.5125 0.7359375 0.5125 0.7296875 0.50625 0.728125 0.5046875 0.7203125 0.5 0.7203125 0.5 0.7046875 0.4953125 0.703125 0.4953125 0.6875 0.4890625 0.6859375 0.4890625 0.653125 0.4828125 0.6515625 0.4828125 0.628125 0.4765625 0.6265625 0.475 0.6171875 0.4703125 0.6171875 0.4703125 0.603125 0.4640625 0.6015625 0.4640625 0.59375 0.4578125 0.5921875 0.45625 0.584375 0.4515625 0.584375 0.45 0.575 0.44375 0.5765625 0.44375 0.584375 0.4328125 0.584375 0.43125 0.5921875 0.4265625 0.5921875 0.4265625 0.5859375 0.4203125 0.584375 0.4203125 0.56875 0.4140625 0.5671875 0.4140625 0.534375 0.4078125 0.5328125 0.4078125 0.45 0.4140625 0.4484375 0.4140625 0.415625 0.4203125 0.4140625 0.4203125 0.4078125 0.4265625 0.40625 0.4265625 0.3984375 0.43125 0.3984375 0.4328125 0.390625 0.4390625 0.3890625 0.4390625 0.3734375 0.4453125 0.371875 0.4453125 0.35
1 0.871875 0.271875 0.90625 0.271875 0.90625 0.2875 0.9125 0.2890625 0.9125 0.2953125 0.90625 0.296875 0.90625 0.3640625 0.9 0.365625 0.9 0.371875 0.90625 0.3734375 0.90625 0.396875 0.9125 0.3984375 0.9125 0.4234375 0.91875 0.425 0.91875 0.490625 0.9125 0.4921875 0.9125 0.5328125 0.90625 0.534375 0.90625 0.55 0.9015625 0.55 0.9015625 0.54375 0.8953125 0.5421875 0.8953125 0.5171875 0.8890625 0.515625 0.8890625 0.5 0.8828125 0.4984375 0.8828125 0.484375 0.8765625 0.4828125 0.8765625 0.4421875 0.871875 0.440625 0.871875 0.365625 0.8703125 0.3640625 0.853125 0.3640625 0.8515625 0.371875 0.8390625 0.3734375 0.8390625 0.3890625 0.834375 0.3890625 0.834375 0.35625 0.840625 0.3546875 0.840625 0.3390625 0.846875 0.3375 0.846875 0.3140625 0.8515625 0.3140625 0.853125 0.30625 0.859375 0.3046875 0.859375 0.2890625 0.865625 0.2875 0.865625 0.2796875 0.8703125 0.2796875 0.871875 0.2734375